[{"grid":[[{"g":[0,0],"c":["(47, 127, 183,1)","(231, 48, 110,1)","(255, 167, 53,1)","(69, 142, 0,1)"],"l":[[0,1]]},{"g":[0,1],"c":["(47, 127, 183,1)","(69, 142, 0,1)","(255, 167, 53,1)","(231, 48, 110,1)"],"l":[[1,0],[3,4],[5,3],[6,4],[0,2]],"s":4},{"g":[0,2],"c":["(47, 127, 183,1)","(69, 142, 0,1)","(255, 167, 53,1)","(231, 48, 110,1)"],"l":[[1,2]]},{"g":[0,3],"c":["(231, 48, 110,1)","(47, 127, 183,1)","(69, 142, 0,1)","(255, 167, 53,1)"],"l":[[2,1],[2,4]],"s":3},{"g":[0,4],"c":["(231, 48, 110,1)","(47, 127, 183,1)","(255, 167, 53,1)","(69, 142, 0,1)"],"l":[[1,2],[1,4],[3,1],[3,3],[4,1],[6,3]],"s":1}],[{"g":[1,0],"c":["(255, 167, 53,1)","(47, 127, 183,1)","(69, 142, 0,1)","(231, 48, 110,1)"],"l":[[0,1],[3,4],[5,3],[6,4]],"s":4,"sp":"freezer"},{"g":[1,1],"c":["(255, 167, 53,1)","(69, 142, 0,1)","(47, 127, 183,1)","(231, 48, 110,1)"],"l":[]},{"g":[1,2],"c":["(255, 167, 53,1)","(69, 142, 0,1)","(231, 48, 110,1)","(47, 127, 183,1)"],"l":[[0,4],[1,4],[3,1],[3,3],[4,1],[6,3]],"s":1},{"g":[1,3],"c":["(231, 48, 110,1)","(255, 167, 53,1)","(69, 142, 0,1)","(47, 127, 183,1)"],"l":[[3,0],[4,2]],"s":2},{"g":[1,4],"c":["(231, 48, 110,1)","(255, 167, 53,1)","(47, 127, 183,1)","(69, 142, 0,1)"],"l":[[0,4],[1,2],[3,1],[3,3],[4,1],[6,3]],"s":1}],[{"g":[2,0],"c":["(69, 142, 0,1)","(231, 48, 110,1)","(47, 127, 183,1)","(255, 167, 53,1)"],"l":[[2,1]]},{"g":[2,1],"c":["(47, 127, 183,1)","(255, 167, 53,1)","(69, 142, 0,1)","(231, 48, 110,1)"],"l":[[0,3],[2,4],[1,1]],"s":3,"sp":"freezer"},{"g":[2,2],"c":["(47, 127, 183,1)","(255, 167, 53,1)","(69, 142, 0,1)","(231, 48, 110,1)"],"l":[]},{"g":[2,3],"c":["(69, 142, 0,1)","(231, 48, 110,1)","(47, 127, 183,1)","(255, 167, 53,1)"],"l":[[3,3]]},{"g":[2,4],"c":["(255, 167, 53,1)","(47, 127, 183,1)","(231, 48, 110,1)","(69, 142, 0,1)"],"l":[[0,3],[2,1],[3,4],[2,3]],"s":3}],[{"g":[3,0],"c":["(255, 167, 53,1)","(47, 127, 183,1)","(69, 142, 0,1)","(231, 48, 110,1)"],"l":[[1,3],[4,2]],"s":2},{"g":[3,1],"c":["(47, 127, 183,1)","(69, 142, 0,1)","(255, 167, 53,1)","(231, 48, 110,1)"],"l":[[0,4],[1,2],[1,4],[3,3],[4,1],[6,3]],"s":1},{"g":[3,2],"c":["(255, 167, 53,1)","(69, 142, 0,1)","(231, 48, 110,1)","(47, 127, 183,1)"],"l":[]},{"g":[3,3],"c":["(255, 167, 53,1)","(231, 48, 110,1)","(47, 127, 183,1)","(69, 142, 0,1)"],"l":[[0,4],[1,2],[1,4],[3,1],[4,1],[6,3],[3,2]],"s":1},{"g":[3,4],"c":["(255, 167, 53,1)","(47, 127, 183,1)","(69, 142, 0,1)","(231, 48, 110,1)"],"l":[[0,1],[1,0],[5,3],[6,4]],"s":4}],[{"g":[4,0],"c":["(69, 142, 0,1)","(255, 167, 53,1)","(231, 48, 110,1)","(47, 127, 183,1)"],"l":[]},{"g":[4,1],"c":["(231, 48, 110,1)","(69, 142, 0,1)","(47, 127, 183,1)","(255, 167, 53,1)"],"l":[[0,4],[1,2],[1,4],[3,1],[3,3],[6,3]],"s":1},{"g":[4,2],"c":["(47, 127, 183,1)","(255, 167, 53,1)","(69, 142, 0,1)","(231, 48, 110,1)"],"l":[[1,3],[3,0],[3,2]],"s":2},{"g":[4,3],"c":["(255, 167, 53,1)","(69, 142, 0,1)","(231, 48, 110,1)","(47, 127, 183,1)"],"l":[[3,3],[4,4]]},{"g":[4,4],"c":["(255, 167, 53,1)","(69, 142, 0,1)","(231, 48, 110,1)","(47, 127, 183,1)"],"l":[],"sp":"rotateCC"}],[{"g":[5,0],"c":["(231, 48, 110,1)","(69, 142, 0,1)","(255, 167, 53,1)","(47, 127, 183,1)"],"l":[]},{"g":[5,1],"c":["(47, 127, 183,1)","(255, 167, 53,1)","(231, 48, 110,1)","(69, 142, 0,1)"],"l":[]},{"g":[5,2],"c":["(69, 142, 0,1)","(47, 127, 183,1)","(231, 48, 110,1)","(255, 167, 53,1)"],"l":[[4,2],[5,1]]},{"g":[5,3],"c":["(69, 142, 0,1)","(231, 48, 110,1)","(255, 167, 53,1)","(47, 127, 183,1)"],"l":[[0,1],[1,0],[3,4],[6,4]],"s":4},{"g":[5,4],"c":["(69, 142, 0,1)","(231, 48, 110,1)","(47, 127, 183,1)","(255, 167, 53,1)"],"l":[[6,4],[4,4],[5,3]]}],[{"g":[6,0],"c":["(47, 127, 183,1)","(69, 142, 0,1)","(231, 48, 110,1)","(255, 167, 53,1)"],"l":[[5,0]]},{"g":[6,1],"c":["(231, 48, 110,1)","(47, 127, 183,1)","(255, 167, 53,1)","(69, 142, 0,1)"],"l":[[6,0],[6,2],[5,1]],"f":true},{"g":[6,2],"c":["(231, 48, 110,1)","(255, 167, 53,1)","(47, 127, 183,1)","(69, 142, 0,1)"],"l":[]},{"g":[6,3],"c":["(231, 48, 110,1)","(69, 142, 0,1)","(255, 167, 53,1)","(47, 127, 183,1)"],"l":[[0,4],[1,2],[1,4],[3,1],[3,3],[4,1]],"s":1},{"g":[6,4],"c":["(47, 127, 183,1)","(255, 167, 53,1)","(69, 142, 0,1)","(231, 48, 110,1)"],"l":[[0,1],[1,0],[3,4],[5,3]],"s":4}]],"start":{"row":6,"col":1},"finish":{"row":0,"col":3},"visitedNodes":[[6,1]],"solution":[[6,1],[5,1],[5,0],[4,0],[4,1],[5,1],[5,2],[6,2],[6,3],[6,4],[5,4],[4,4],[3,4],[3,3],[3,2],[2,2],[2,3],[3,3],[4,3],[4,2],[4,1],[3,1],[2,1],[2,0],[1,0],[0,0],[0,1],[1,1],[1,2],[0,2],[0,3]],"pathLength":269},{"grid":[[{"g":[0,0],"c":["(69, 142, 0,1)","(47, 127, 183,1)","(255, 167, 53,1)","(231, 48, 110,1)"],"l":[[5,4]],"s":3},{"g":[0,1],"c":["(69, 142, 0,1)","(255, 167, 53,1)","(231, 48, 110,1)","(47, 127, 183,1)"],"l":[[0,2],[5,0],[6,1]],"s":4},{"g":[0,2],"c":["(47, 127, 183,1)","(69, 142, 0,1)","(231, 48, 110,1)","(255, 167, 53,1)"],"l":[[0,1],[5,0],[6,1]],"s":4},{"g":[0,3],"c":["(255, 167, 53,1)","(47, 127, 183,1)","(69, 142, 0,1)","(231, 48, 110,1)"],"l":[[1,3],[0,2],[0,4]],"s":1},{"g":[0,4],"c":["(47, 127, 183,1)","(69, 142, 0,1)","(255, 167, 53,1)","(231, 48, 110,1)"],"l":[]}],[{"g":[1,0],"c":["(255, 167, 53,1)","(231, 48, 110,1)","(47, 127, 183,1)","(69, 142, 0,1)"],"l":[]},{"g":[1,1],"c":["(69, 142, 0,1)","(231, 48, 110,1)","(255, 167, 53,1)","(47, 127, 183,1)"],"l":[[4,4],[6,0],[6,2],[1,2]],"s":2},{"g":[1,2],"c":["(255, 167, 53,1)","(231, 48, 110,1)","(69, 142, 0,1)","(47, 127, 183,1)"],"l":[],"sp":"rotateCC"},{"g":[1,3],"c":["(231, 48, 110,1)","(47, 127, 183,1)","(69, 142, 0,1)","(255, 167, 53,1)"],"l":[[0,3]],"s":1},{"g":[1,4],"c":["(255, 167, 53,1)","(69, 142, 0,1)","(231, 48, 110,1)","(47, 127, 183,1)"],"l":[]}],[{"g":[2,0],"c":["(47, 127, 183,1)","(69, 142, 0,1)","(255, 167, 53,1)","(231, 48, 110,1)"],"l":[]},{"g":[2,1],"c":["(47, 127, 183,1)","(231, 48, 110,1)","(255, 167, 53,1)","(69, 142, 0,1)"],"l":[]},{"g":[2,2],"c":["(255, 167, 53,1)","(47, 127, 183,1)","(69, 142, 0,1)","(231, 48, 110,1)"],"l":[]},{"g":[2,3],"c":["(255, 167, 53,1)","(47, 127, 183,1)","(69, 142, 0,1)","(231, 48, 110,1)"],"l":[]},{"g":[2,4],"c":["(255, 167, 53,1)","(69, 142, 0,1)","(231, 48, 110,1)","(47, 127, 183,1)"],"l":[]}],[{"g":[3,0],"c":["(47, 127, 183,1)","(69, 142, 0,1)","(231, 48, 110,1)","(255, 167, 53,1)"],"l":[]},{"g":[3,1],"c":["(255, 167, 53,1)","(231, 48, 110,1)","(69, 142, 0,1)","(47, 127, 183,1)"],"l":[[3,2],[3,0]]},{"g":[3,2],"c":["(69, 142, 0,1)","(255, 167, 53,1)","(47, 127, 183,1)","(231, 48, 110,1)"],"l":[]},{"g":[3,3],"c":["(69, 142, 0,1)","(47, 127, 183,1)","(231, 48, 110,1)","(255, 167, 53,1)"],"l":[]},{"g":[3,4],"c":["(69, 142, 0,1)","(255, 167, 53,1)","(47, 127, 183,1)","(231, 48, 110,1)"],"l":[]}],[{"g":[4,0],"c":["(69, 142, 0,1)","(47, 127, 183,1)","(255, 167, 53,1)","(231, 48, 110,1)"],"l":[]},{"g":[4,1],"c":["(69, 142, 0,1)","(47, 127, 183,1)","(255, 167, 53,1)","(231, 48, 110,1)"],"l":[]},{"g":[4,2],"c":["(255, 167, 53,1)","(47, 127, 183,1)","(231, 48, 110,1)","(69, 142, 0,1)"],"l":[]},{"g":[4,3],"c":["(231, 48, 110,1)","(47, 127, 183,1)","(69, 142, 0,1)","(255, 167, 53,1)"],"l":[[4,2],[5,3]]},{"g":[4,4],"c":["(231, 48, 110,1)","(47, 127, 183,1)","(69, 142, 0,1)","(255, 167, 53,1)"],"l":[[1,1],[6,0],[6,2],[4,3],[5,4],[3,4]],"s":2}],[{"g":[5,0],"c":["(255, 167, 53,1)","(47, 127, 183,1)","(69, 142, 0,1)","(231, 48, 110,1)"],"l":[[0,1],[0,2],[6,1]],"s":4},{"g":[5,1],"c":["(231, 48, 110,1)","(255, 167, 53,1)","(47, 127, 183,1)","(69, 142, 0,1)"],"l":[[6,1],[5,0]]},{"g":[5,2],"c":["(255, 167, 53,1)","(47, 127, 183,1)","(69, 142, 0,1)","(231, 48, 110,1)"],"l":[[5,3],[6,2],[4,2],[5,1]]},{"g":[5,3],"c":["(69, 142, 0,1)","(255, 167, 53,1)","(47, 127, 183,1)","(231, 48, 110,1)"],"l":[]},{"g":[5,4],"c":["(69, 142, 0,1)","(255, 167, 53,1)","(231, 48, 110,1)","(47, 127, 183,1)"],"l":[[0,0]],"s":3}],[{"g":[6,0],"c":["(231, 48, 110,1)","(255, 167, 53,1)","(69, 142, 0,1)","(47, 127, 183,1)"],"l":[[1,1],[4,4],[6,2]],"s":2},{"g":[6,1],"c":["(231, 48, 110,1)","(69, 142, 0,1)","(47, 127, 183,1)","(255, 167, 53,1)"],"l":[[0,1],[0,2],[5,0],[6,0]],"s":4},{"g":[6,2],"c":["(69, 142, 0,1)","(47, 127, 183,1)","(231, 48, 110,1)","(255, 167, 53,1)"],"l":[[1,1],[4,4],[6,0]],"s":2},{"g":[6,3],"c":["(255, 167, 53,1)","(69, 142, 0,1)","(231, 48, 110,1)","(47, 127, 183,1)"],"l":[],"f":true},{"g":[6,4],"c":["(255, 167, 53,1)","(47, 127, 183,1)","(231, 48, 110,1)","(69, 142, 0,1)"],"l":[[5,4]]}]],"start":{"row":6,"col":3},"finish":{"row":0,"col":4},"visitedNodes":[[6,3]],"solution":[[6,3],[6,2],[5,2],[5,3],[6,3],[6,4],[5,4],[4,4],[3,4],[2,4],[2,3],[3,3],[3,2],[3,1],[3,0],[4,0],[5,0],[5,1],[5,2],[4,2],[4,1],[3,1],[2,1],[2,0],[1,0],[1,1],[0,1],[0,2],[1,2],[1,3],[1,4],[0,4]],"pathLength":243},{"grid":[[{"g":[0,0],"c":["(47, 127, 183,1)","(231, 48, 110,1)","(69, 142, 0,1)","(255, 167, 53,1)"],"l":[]},{"g":[0,1],"c":["(69, 142, 0,1)","(231, 48, 110,1)","(47, 127, 183,1)","(255, 167, 53,1)"],"l":[[1,1]]},{"g":[0,2],"c":["(231, 48, 110,1)","(69, 142, 0,1)","(47, 127, 183,1)","(255, 167, 53,1)"],"l":[]},{"g":[0,3],"c":["(255, 167, 53,1)","(47, 127, 183,1)","(231, 48, 110,1)","(69, 142, 0,1)"],"l":[[1,0],[1,2]],"s":1},{"g":[0,4],"c":["(47, 127, 183,1)","(231, 48, 110,1)","(69, 142, 0,1)","(255, 167, 53,1)"],"l":[[5,1],[6,2]],"s":3}],[{"g":[1,0],"c":["(231, 48, 110,1)","(47, 127, 183,1)","(69, 142, 0,1)","(255, 167, 53,1)"],"l":[[0,3],[1,2]],"s":1,"sp":"freezer"},{"g":[1,1],"c":["(255, 167, 53,1)","(231, 48, 110,1)","(69, 142, 0,1)","(47, 127, 183,1)"],"l":[]},{"g":[1,2],"c":["(255, 167, 53,1)","(47, 127, 183,1)","(231, 48, 110,1)","(69, 142, 0,1)"],"l":[[0,3],[1,0]],"s":1,"sp":"freezer"},{"g":[1,3],"c":["(231, 48, 110,1)","(69, 142, 0,1)","(255, 167, 53,1)","(47, 127, 183,1)"],"l":[]},{"g":[1,4],"c":["(255, 167, 53,1)","(47, 127, 183,1)","(231, 48, 110,1)","(69, 142, 0,1)"],"l":[],"sp":"rotateCC"}],[{"g":[2,0],"c":["(231, 48, 110,1)","(255, 167, 53,1)","(47, 127, 183,1)","(69, 142, 0,1)"],"l":[[2,1],[5,2],[6,1]],"s":2},{"g":[2,1],"c":["(47, 127, 183,1)","(255, 167, 53,1)","(231, 48, 110,1)","(69, 142, 0,1)"],"l":[[2,0],[5,2],[6,1]],"s":2},{"g":[2,2],"c":["(69, 142, 0,1)","(255, 167, 53,1)","(231, 48, 110,1)","(47, 127, 183,1)"],"l":[]},{"g":[2,3],"c":["(47, 127, 183,1)","(255, 167, 53,1)","(231, 48, 110,1)","(69, 142, 0,1)"],"l":[[2,4],[4,2]],"s":4},{"g":[2,4],"c":["(69, 142, 0,1)","(47, 127, 183,1)","(231, 48, 110,1)","(255, 167, 53,1)"],"l":[[2,3],[4,2]],"s":4}],[{"g":[3,0],"c":["(231, 48, 110,1)","(69, 142, 0,1)","(255, 167, 53,1)","(47, 127, 183,1)"],"l":[[4,0]]},{"g":[3,1],"c":["(255, 167, 53,1)","(47, 127, 183,1)","(231, 48, 110,1)","(69, 142, 0,1)"],"l":[[3,2],[2,1]]},{"g":[3,2],"c":["(231, 48, 110,1)","(69, 142, 0,1)","(255, 167, 53,1)","(47, 127, 183,1)"],"l":[]},{"g":[3,3],"c":["(47, 127, 183,1)","(231, 48, 110,1)","(69, 142, 0,1)","(255, 167, 53,1)"],"l":[]},{"g":[3,4],"c":["(231, 48, 110,1)","(69, 142, 0,1)","(255, 167, 53,1)","(47, 127, 183,1)"],"l":[[3,3]]}],[{"g":[4,0],"c":["(69, 142, 0,1)","(231, 48, 110,1)","(47, 127, 183,1)","(255, 167, 53,1)"],"l":[]},{"g":[4,1],"c":["(231, 48, 110,1)","(47, 127, 183,1)","(69, 142, 0,1)","(255, 167, 53,1)"],"l":[]},{"g":[4,2],"c":["(255, 167, 53,1)","(231, 48, 110,1)","(69, 142, 0,1)","(47, 127, 183,1)"],"l":[[2,3],[2,4],[3,2]],"s":4},{"g":[4,3],"c":["(231, 48, 110,1)","(69, 142, 0,1)","(255, 167, 53,1)","(47, 127, 183,1)"],"l":[]},{"g":[4,4],"c":["(255, 167, 53,1)","(69, 142, 0,1)","(47, 127, 183,1)","(231, 48, 110,1)"],"l":[]}],[{"g":[5,0],"c":["(231, 48, 110,1)","(255, 167, 53,1)","(69, 142, 0,1)","(47, 127, 183,1)"],"l":[]},{"g":[5,1],"c":["(69, 142, 0,1)","(255, 167, 53,1)","(231, 48, 110,1)","(47, 127, 183,1)"],"l":[[0,4],[6,2]],"s":3},{"g":[5,2],"c":["(255, 167, 53,1)","(69, 142, 0,1)","(47, 127, 183,1)","(231, 48, 110,1)"],"l":[[2,0],[2,1],[6,1],[5,1]],"s":2},{"g":[5,3],"c":["(255, 167, 53,1)","(231, 48, 110,1)","(47, 127, 183,1)","(69, 142, 0,1)"],"l":[[5,4],[6,3]]},{"g":[5,4],"c":["(47, 127, 183,1)","(255, 167, 53,1)","(69, 142, 0,1)","(231, 48, 110,1)"],"l":[[6,4]]}],[{"g":[6,0],"c":["(69, 142, 0,1)","(231, 48, 110,1)","(255, 167, 53,1)","(47, 127, 183,1)"],"l":[[6,1]]},{"g":[6,1],"c":["(47, 127, 183,1)","(69, 142, 0,1)","(255, 167, 53,1)","(231, 48, 110,1)"],"l":[[2,0],[2,1],[5,2],[6,2],[5,1]],"s":2},{"g":[6,2],"c":["(231, 48, 110,1)","(255, 167, 53,1)","(69, 142, 0,1)","(47, 127, 183,1)"],"l":[[0,4],[5,1]],"s":3},{"g":[6,3],"c":["(231, 48, 110,1)","(255, 167, 53,1)","(69, 142, 0,1)","(47, 127, 183,1)"],"l":[]},{"g":[6,4],"c":["(69, 142, 0,1)","(231, 48, 110,1)","(47, 127, 183,1)","(255, 167, 53,1)"],"l":[],"f":true}]],"start":{"row":6,"col":4},"finish":{"row":0,"col":2},"visitedNodes":[[6,4]],"solution":[[6,4],[5,4],[4,4],[3,4],[3,3],[3,2],[3,1],[2,1],[2,0],[1,0],[1,1],[2,1],[2,2],[3,2],[4,2],[4,1],[3,1],[3,0],[4,0],[5,0],[6,0],[6,1],[6,2],[5,2],[5,3],[4,3],[3,3],[2,3],[2,4],[1,4],[1,3],[0,3],[0,2]],"pathLength":357},{"grid":[[{"g":[0,0],"c":["(255, 167, 53,1)","(47, 127, 183,1)","(69, 142, 0,1)","(231, 48, 110,1)"],"l":[]},{"g":[0,1],"c":["(255, 167, 53,1)","(231, 48, 110,1)","(47, 127, 183,1)","(69, 142, 0,1)"],"l":[[0,2],[0,3],[0,4],[3,0],[4,2],[1,1]],"s":2},{"g":[0,2],"c":["(231, 48, 110,1)","(69, 142, 0,1)","(255, 167, 53,1)","(47, 127, 183,1)"],"l":[[0,1],[0,3],[0,4],[3,0],[4,2]],"s":2},{"g":[0,3],"c":["(69, 142, 0,1)","(255, 167, 53,1)","(47, 127, 183,1)","(231, 48, 110,1)"],"l":[[0,1],[0,2],[0,4],[3,0],[4,2]],"s":2},{"g":[0,4],"c":["(69, 142, 0,1)","(47, 127, 183,1)","(231, 48, 110,1)","(255, 167, 53,1)"],"l":[[0,1],[0,2],[0,3],[3,0],[4,2],[1,4]],"s":2}],[{"g":[1,0],"c":["(47, 127, 183,1)","(255, 167, 53,1)","(231, 48, 110,1)","(69, 142, 0,1)"],"l":[]},{"g":[1,1],"c":["(231, 48, 110,1)","(69, 142, 0,1)","(255, 167, 53,1)","(47, 127, 183,1)"],"l":[]},{"g":[1,2],"c":["(231, 48, 110,1)","(69, 142, 0,1)","(47, 127, 183,1)","(255, 167, 53,1)"],"l":[[1,4],[2,1],[3,1],[4,4],[6,3]],"s":1},{"g":[1,3],"c":["(231, 48, 110,1)","(69, 142, 0,1)","(47, 127, 183,1)","(255, 167, 53,1)"],"l":[[0,3]]},{"g":[1,4],"c":["(255, 167, 53,1)","(47, 127, 183,1)","(231, 48, 110,1)","(69, 142, 0,1)"],"l":[[1,2],[2,1],[3,1],[4,4],[6,3]],"s":1}],[{"g":[2,0],"c":["(47, 127, 183,1)","(231, 48, 110,1)","(255, 167, 53,1)","(69, 142, 0,1)"],"l":[[5,1],[1,0]],"s":3},{"g":[2,1],"c":["(255, 167, 53,1)","(69, 142, 0,1)","(47, 127, 183,1)","(231, 48, 110,1)"],"l":[[1,2],[1,4],[3,1],[4,4],[6,3]],"s":1},{"g":[2,2],"c":["(231, 48, 110,1)","(69, 142, 0,1)","(255, 167, 53,1)","(47, 127, 183,1)"],"l":[]},{"g":[2,3],"c":["(69, 142, 0,1)","(47, 127, 183,1)","(231, 48, 110,1)","(255, 167, 53,1)"],"l":[]},{"g":[2,4],"c":["(255, 167, 53,1)","(231, 48, 110,1)","(69, 142, 0,1)","(47, 127, 183,1)"],"l":[[3,3]],"s":4}],[{"g":[3,0],"c":["(47, 127, 183,1)","(69, 142, 0,1)","(231, 48, 110,1)","(255, 167, 53,1)"],"l":[[0,1],[0,2],[0,3],[0,4],[4,2],[3,1],[2,0]],"s":2},{"g":[3,1],"c":["(231, 48, 110,1)","(47, 127, 183,1)","(255, 167, 53,1)","(69, 142, 0,1)"],"l":[[1,2],[1,4],[2,1],[4,4],[6,3]],"s":1},{"g":[3,2],"c":["(69, 142, 0,1)","(255, 167, 53,1)","(47, 127, 183,1)","(231, 48, 110,1)"],"l":[]},{"g":[3,3],"c":["(69, 142, 0,1)","(47, 127, 183,1)","(255, 167, 53,1)","(231, 48, 110,1)"],"l":[[2,4]],"s":4},{"g":[3,4],"c":["(231, 48, 110,1)","(47, 127, 183,1)","(255, 167, 53,1)","(69, 142, 0,1)"],"l":[[3,3]]}],[{"g":[4,0],"c":["(231, 48, 110,1)","(69, 142, 0,1)","(47, 127, 183,1)","(255, 167, 53,1)"],"l":[]},{"g":[4,1],"c":["(47, 127, 183,1)","(231, 48, 110,1)","(69, 142, 0,1)","(255, 167, 53,1)"],"l":[]},{"g":[4,2],"c":["(47, 127, 183,1)","(255, 167, 53,1)","(69, 142, 0,1)","(231, 48, 110,1)"],"l":[[0,1],[0,2],[0,3],[0,4],[3,0],[5,2]],"s":2},{"g":[4,3],"c":["(47, 127, 183,1)","(69, 142, 0,1)","(231, 48, 110,1)","(255, 167, 53,1)"],"l":[[3,3]]},{"g":[4,4],"c":["(231, 48, 110,1)","(69, 142, 0,1)","(47, 127, 183,1)","(255, 167, 53,1)"],"l":[[1,2],[1,4],[2,1],[3,1],[6,3],[4,3],[3,4]],"s":1}],[{"g":[5,0],"c":["(255, 167, 53,1)","(231, 48, 110,1)","(47, 127, 183,1)","(69, 142, 0,1)"],"l":[]},{"g":[5,1],"c":["(69, 142, 0,1)","(255, 167, 53,1)","(47, 127, 183,1)","(231, 48, 110,1)"],"l":[[2,0]],"s":3},{"g":[5,2],"c":["(47, 127, 183,1)","(255, 167, 53,1)","(231, 48, 110,1)","(69, 142, 0,1)"],"l":[[5,1],[6,2]]},{"g":[5,3],"c":["(231, 48, 110,1)","(69, 142, 0,1)","(255, 167, 53,1)","(47, 127, 183,1)"],"l":[]},{"g":[5,4],"c":["(69, 142, 0,1)","(47, 127, 183,1)","(231, 48, 110,1)","(255, 167, 53,1)"],"l":[[5,3]]}],[{"g":[6,0],"c":["(47, 127, 183,1)","(231, 48, 110,1)","(255, 167, 53,1)","(69, 142, 0,1)"],"l":[]},{"g":[6,1],"c":["(255, 167, 53,1)","(47, 127, 183,1)","(69, 142, 0,1)","(231, 48, 110,1)"],"l":[]},{"g":[6,2],"c":["(255, 167, 53,1)","(69, 142, 0,1)","(231, 48, 110,1)","(47, 127, 183,1)"],"l":[],"f":true},{"g":[6,3],"c":["(255, 167, 53,1)","(47, 127, 183,1)","(231, 48, 110,1)","(69, 142, 0,1)"],"l":[[1,2],[1,4],[2,1],[3,1],[4,4]],"s":1},{"g":[6,4],"c":["(231, 48, 110,1)","(69, 142, 0,1)","(255, 167, 53,1)","(47, 127, 183,1)"],"l":[]}]],"start":{"row":6,"col":2},"finish":{"row":0,"col":1},"visitedNodes":[[6,2]],"solution":[[6,2],[6,1],[6,0],[5,0],[5,1],[4,1],[4,2],[5,2],[6,2],[6,3],[5,3],[4,3],[4,2],[3,2],[3,3],[3,4],[2,4],[1,4],[0,4],[0,3],[1,3],[1,2],[2,2],[2,1],[3,1],[3,0],[2,0],[1,0],[0,0],[0,1]],"pathLength":283},{"grid":[[{"g":[0,0],"c":["(255, 167, 53,1)","(47, 127, 183,1)","(69, 142, 0,1)","(231, 48, 110,1)"],"l":[[0,1]]},{"g":[0,1],"c":["(255, 167, 53,1)","(231, 48, 110,1)","(69, 142, 0,1)","(47, 127, 183,1)"],"l":[[1,1]]},{"g":[0,2],"c":["(231, 48, 110,1)","(255, 167, 53,1)","(47, 127, 183,1)","(69, 142, 0,1)"],"l":[[1,0],[3,2],[5,4],[6,2],[0,3]],"s":1,"sp":"freezer"},{"g":[0,3],"c":["(255, 167, 53,1)","(47, 127, 183,1)","(69, 142, 0,1)","(231, 48, 110,1)"],"l":[[3,0],[0,4]],"s":2},{"g":[0,4],"c":["(231, 48, 110,1)","(69, 142, 0,1)","(47, 127, 183,1)","(255, 167, 53,1)"],"l":[]}],[{"g":[1,0],"c":["(231, 48, 110,1)","(47, 127, 183,1)","(69, 142, 0,1)","(255, 167, 53,1)"],"l":[[0,2],[3,2],[5,4],[6,2],[1,1],[2,0]],"s":1},{"g":[1,1],"c":["(255, 167, 53,1)","(69, 142, 0,1)","(47, 127, 183,1)","(231, 48, 110,1)"],"l":[]},{"g":[1,2],"c":["(47, 127, 183,1)","(69, 142, 0,1)","(231, 48, 110,1)","(255, 167, 53,1)"],"l":[[2,0],[4,0],[4,3],[4,4],[5,0],[1,3],[1,1]],"s":4},{"g":[1,3],"c":["(69, 142, 0,1)","(47, 127, 183,1)","(255, 167, 53,1)","(231, 48, 110,1)"],"l":[[2,4],[5,2],[5,3],[2,3],[0,3]],"s":3},{"g":[1,4],"c":["(231, 48, 110,1)","(47, 127, 183,1)","(255, 167, 53,1)","(69, 142, 0,1)"],"l":[[2,4],[0,4]]}],[{"g":[2,0],"c":["(69, 142, 0,1)","(231, 48, 110,1)","(47, 127, 183,1)","(255, 167, 53,1)"],"l":[[1,2],[4,0],[4,3],[4,4],[5,0],[2,1]],"s":4},{"g":[2,1],"c":["(231, 48, 110,1)","(255, 167, 53,1)","(69, 142, 0,1)","(47, 127, 183,1)"],"l":[[1,1]]},{"g":[2,2],"c":["(47, 127, 183,1)","(69, 142, 0,1)","(231, 48, 110,1)","(255, 167, 53,1)"],"l":[[2,3]]},{"g":[2,3],"c":["(69, 142, 0,1)","(47, 127, 183,1)","(231, 48, 110,1)","(255, 167, 53,1)"],"l":[]},{"g":[2,4],"c":["(255, 167, 53,1)","(231, 48, 110,1)","(47, 127, 183,1)","(69, 142, 0,1)"],"l":[[1,3],[5,2],[5,3]],"s":3}],[{"g":[3,0],"c":["(255, 167, 53,1)","(231, 48, 110,1)","(47, 127, 183,1)","(69, 142, 0,1)"],"l":[[0,3],[2,0],[4,0],[3,1]],"s":2},{"g":[3,1],"c":["(47, 127, 183,1)","(231, 48, 110,1)","(255, 167, 53,1)","(69, 142, 0,1)"],"l":[]},{"g":[3,2],"c":["(255, 167, 53,1)","(69, 142, 0,1)","(47, 127, 183,1)","(231, 48, 110,1)"],"l":[[0,2],[1,0],[5,4],[6,2],[3,1]],"s":1,"sp":"freezer"},{"g":[3,3],"c":["(47, 127, 183,1)","(69, 142, 0,1)","(231, 48, 110,1)","(255, 167, 53,1)"],"l":[]},{"g":[3,4],"c":["(47, 127, 183,1)","(255, 167, 53,1)","(231, 48, 110,1)","(69, 142, 0,1)"],"l":[]}],[{"g":[4,0],"c":["(69, 142, 0,1)","(255, 167, 53,1)","(231, 48, 110,1)","(47, 127, 183,1)"],"l":[[1,2],[2,0],[4,3],[4,4],[5,0]],"s":4},{"g":[4,1],"c":["(231, 48, 110,1)","(255, 167, 53,1)","(47, 127, 183,1)","(69, 142, 0,1)"],"l":[[4,0],[4,2]]},{"g":[4,2],"c":["(69, 142, 0,1)","(255, 167, 53,1)","(47, 127, 183,1)","(231, 48, 110,1)"],"l":[]},{"g":[4,3],"c":["(255, 167, 53,1)","(47, 127, 183,1)","(69, 142, 0,1)","(231, 48, 110,1)"],"l":[[1,2],[2,0],[4,0],[4,4],[5,0],[4,2]],"s":4},{"g":[4,4],"c":["(47, 127, 183,1)","(255, 167, 53,1)","(69, 142, 0,1)","(231, 48, 110,1)"],"l":[[1,2],[2,0],[4,0],[4,3],[5,0]],"s":4}],[{"g":[5,0],"c":["(255, 167, 53,1)","(69, 142, 0,1)","(231, 48, 110,1)","(47, 127, 183,1)"],"l":[[1,2],[2,0],[4,0],[4,3],[4,4]],"s":4},{"g":[5,1],"c":["(69, 142, 0,1)","(231, 48, 110,1)","(47, 127, 183,1)","(255, 167, 53,1)"],"l":[[6,1]]},{"g":[5,2],"c":["(69, 142, 0,1)","(255, 167, 53,1)","(47, 127, 183,1)","(231, 48, 110,1)"],"l":[[1,3],[2,4],[5,3],[4,2],[5,1]],"s":3},{"g":[5,3],"c":["(47, 127, 183,1)","(231, 48, 110,1)","(255, 167, 53,1)","(69, 142, 0,1)"],"l":[[1,3],[2,4],[5,2]],"s":3},{"g":[5,4],"c":["(69, 142, 0,1)","(231, 48, 110,1)","(47, 127, 183,1)","(255, 167, 53,1)"],"l":[[0,2],[1,0],[3,2],[6,2],[5,3]],"s":1,"sp":"freezer"}],[{"g":[6,0],"c":["(255, 167, 53,1)","(231, 48, 110,1)","(69, 142, 0,1)","(47, 127, 183,1)"],"l":[]},{"g":[6,1],"c":["(47, 127, 183,1)","(255, 167, 53,1)","(69, 142, 0,1)","(231, 48, 110,1)"],"l":[],"f":true},{"g":[6,2],"c":["(47, 127, 183,1)","(255, 167, 53,1)","(69, 142, 0,1)","(231, 48, 110,1)"],"l":[[0,2],[1,0],[3,2],[5,4]],"s":1},{"g":[6,3],"c":["(231, 48, 110,1)","(47, 127, 183,1)","(69, 142, 0,1)","(255, 167, 53,1)"],"l":[[6,4]]},{"g":[6,4],"c":["(255, 167, 53,1)","(69, 142, 0,1)","(47, 127, 183,1)","(231, 48, 110,1)"],"l":[]}]],"start":{"row":6,"col":1},"finish":{"row":0,"col":4},"visitedNodes":[[6,1]],"solution":[[6,1],[5,1],[5,2],[5,3],[4,3],[4,2],[5,2],[6,2],[6,3],[5,3],[5,4],[4,4],[3,4],[2,4],[1,4],[1,3],[1,2],[2,2],[2,1],[2,0],[3,0],[4,0],[4,1],[3,1],[3,2],[2,2],[2,3],[1,3],[0,3],[0,4]],"pathLength":365},{"grid":[[{"g":[0,0],"c":["(231, 48, 110,1)","(255, 167, 53,1)","(47, 127, 183,1)","(69, 142, 0,1)"],"l":[[0,1],[0,3],[1,1],[3,3],[3,4],[4,3]],"s":4,"sp":"freezer"},{"g":[0,1],"c":["(47, 127, 183,1)","(231, 48, 110,1)","(69, 142, 0,1)","(255, 167, 53,1)"],"l":[[0,0],[0,3],[1,1],[3,3],[3,4],[4,3]],"s":4},{"g":[0,2],"c":["(231, 48, 110,1)","(47, 127, 183,1)","(69, 142, 0,1)","(255, 167, 53,1)"],"l":[[1,2],[0,3]]},{"g":[0,3],"c":["(231, 48, 110,1)","(69, 142, 0,1)","(255, 167, 53,1)","(47, 127, 183,1)"],"l":[[0,0],[0,1],[1,1],[3,3],[3,4],[4,3]],"s":4},{"g":[0,4],"c":["(47, 127, 183,1)","(255, 167, 53,1)","(231, 48, 110,1)","(69, 142, 0,1)"],"l":[]}],[{"g":[1,0],"c":["(255, 167, 53,1)","(69, 142, 0,1)","(47, 127, 183,1)","(231, 48, 110,1)"],"l":[]},{"g":[1,1],"c":["(69, 142, 0,1)","(47, 127, 183,1)","(255, 167, 53,1)","(231, 48, 110,1)"],"l":[[0,0],[0,1],[0,3],[3,3],[3,4],[4,3]],"s":4},{"g":[1,2],"c":["(47, 127, 183,1)","(255, 167, 53,1)","(231, 48, 110,1)","(69, 142, 0,1)"],"l":[[4,4]],"s":1},{"g":[1,3],"c":["(231, 48, 110,1)","(255, 167, 53,1)","(69, 142, 0,1)","(47, 127, 183,1)"],"l":[]},{"g":[1,4],"c":["(47, 127, 183,1)","(231, 48, 110,1)","(255, 167, 53,1)","(69, 142, 0,1)"],"l":[[0,4]]}],[{"g":[2,0],"c":["(69, 142, 0,1)","(231, 48, 110,1)","(47, 127, 183,1)","(255, 167, 53,1)"],"l":[]},{"g":[2,1],"c":["(69, 142, 0,1)","(47, 127, 183,1)","(255, 167, 53,1)","(231, 48, 110,1)"],"l":[[2,0]]},{"g":[2,2],"c":["(231, 48, 110,1)","(69, 142, 0,1)","(47, 127, 183,1)","(255, 167, 53,1)"],"l":[]},{"g":[2,3],"c":["(255, 167, 53,1)","(69, 142, 0,1)","(231, 48, 110,1)","(47, 127, 183,1)"],"l":[]},{"g":[2,4],"c":["(231, 48, 110,1)","(255, 167, 53,1)","(69, 142, 0,1)","(47, 127, 183,1)"],"l":[]}],[{"g":[3,0],"c":["(255, 167, 53,1)","(47, 127, 183,1)","(69, 142, 0,1)","(231, 48, 110,1)"],"l":[[4,2],[6,0],[6,3],[3,1]],"s":3},{"g":[3,1],"c":["(47, 127, 183,1)","(231, 48, 110,1)","(255, 167, 53,1)","(69, 142, 0,1)"],"l":[]},{"g":[3,2],"c":["(255, 167, 53,1)","(47, 127, 183,1)","(69, 142, 0,1)","(231, 48, 110,1)"],"l":[[2,2]]},{"g":[3,3],"c":["(255, 167, 53,1)","(69, 142, 0,1)","(47, 127, 183,1)","(231, 48, 110,1)"],"l":[[0,0],[0,1],[0,3],[1,1],[3,4],[4,3]],"s":4},{"g":[3,4],"c":["(231, 48, 110,1)","(69, 142, 0,1)","(47, 127, 183,1)","(255, 167, 53,1)"],"l":[[0,0],[0,1],[0,3],[1,1],[3,3],[4,3]],"s":4}],[{"g":[4,0],"c":["(47, 127, 183,1)","(69, 142, 0,1)","(231, 48, 110,1)","(255, 167, 53,1)"],"l":[[3,0],[5,0]]},{"g":[4,1],"c":["(69, 142, 0,1)","(255, 167, 53,1)","(231, 48, 110,1)","(47, 127, 183,1)"],"l":[[4,0]]},{"g":[4,2],"c":["(69, 142, 0,1)","(231, 48, 110,1)","(47, 127, 183,1)","(255, 167, 53,1)"],"l":[[3,0],[6,0],[6,3],[3,2]],"s":3},{"g":[4,3],"c":["(47, 127, 183,1)","(231, 48, 110,1)","(69, 142, 0,1)","(255, 167, 53,1)"],"l":[[0,0],[0,1],[0,3],[1,1],[3,3],[3,4]],"s":4},{"g":[4,4],"c":["(47, 127, 183,1)","(231, 48, 110,1)","(255, 167, 53,1)","(69, 142, 0,1)"],"l":[[1,2]],"s":1}],[{"g":[5,0],"c":["(231, 48, 110,1)","(47, 127, 183,1)","(255, 167, 53,1)","(69, 142, 0,1)"],"l":[[5,1],[6,0]],"sp":"rotateCC"},{"g":[5,1],"c":["(69, 142, 0,1)","(47, 127, 183,1)","(255, 167, 53,1)","(231, 48, 110,1)"],"l":[]},{"g":[5,2],"c":["(47, 127, 183,1)","(69, 142, 0,1)","(231, 48, 110,1)","(255, 167, 53,1)"],"l":[]},{"g":[5,3],"c":["(47, 127, 183,1)","(231, 48, 110,1)","(255, 167, 53,1)","(69, 142, 0,1)"],"l":[]},{"g":[5,4],"c":["(255, 167, 53,1)","(231, 48, 110,1)","(69, 142, 0,1)","(47, 127, 183,1)"],"l":[]}],[{"g":[6,0],"c":["(47, 127, 183,1)","(69, 142, 0,1)","(231, 48, 110,1)","(255, 167, 53,1)"],"l":[[3,0],[4,2],[6,3]],"s":3},{"g":[6,1],"c":["(231, 48, 110,1)","(255, 167, 53,1)","(47, 127, 183,1)","(69, 142, 0,1)"],"l":[]},{"g":[6,2],"c":["(231, 48, 110,1)","(69, 142, 0,1)","(255, 167, 53,1)","(47, 127, 183,1)"],"l":[]},{"g":[6,3],"c":["(255, 167, 53,1)","(47, 127, 183,1)","(231, 48, 110,1)","(69, 142, 0,1)"],"l":[[3,0],[4,2],[6,0]],"s":3},{"g":[6,4],"c":["(69, 142, 0,1)","(231, 48, 110,1)","(47, 127, 183,1)","(255, 167, 53,1)"],"l":[],"f":true}]],"start":{"row":6,"col":4},"finish":{"row":0,"col":4},"visitedNodes":[[6,4]],"solution":[[6,4],[5,4],[4,4],[3,4],[3,3],[4,3],[4,2],[4,1],[4,0],[5,0],[6,0],[6,1],[5,1],[5,2],[5,3],[6,3],[6,2],[5,2],[4,2],[3,2],[3,3],[2,3],[2,2],[3,2],[3,1],[3,0],[2,0],[2,1],[1,1],[1,2],[0,2],[0,3],[0,4]],"pathLength":194},{"grid":[[{"g":[0,0],"c":["(255, 167, 53,1)","(69, 142, 0,1)","(231, 48, 110,1)","(47, 127, 183,1)"],"l":[]},{"g":[0,1],"c":["(69, 142, 0,1)","(231, 48, 110,1)","(47, 127, 183,1)","(255, 167, 53,1)"],"l":[[1,2],[2,4],[3,1],[4,4],[6,2]],"s":2},{"g":[0,2],"c":["(255, 167, 53,1)","(47, 127, 183,1)","(69, 142, 0,1)","(231, 48, 110,1)"],"l":[[0,1]]},{"g":[0,3],"c":["(231, 48, 110,1)","(69, 142, 0,1)","(255, 167, 53,1)","(47, 127, 183,1)"],"l":[]},{"g":[0,4],"c":["(231, 48, 110,1)","(69, 142, 0,1)","(47, 127, 183,1)","(255, 167, 53,1)"],"l":[[2,2],[5,0],[5,2]],"s":1,"sp":"freezer"}],[{"g":[1,0],"c":["(231, 48, 110,1)","(255, 167, 53,1)","(47, 127, 183,1)","(69, 142, 0,1)"],"l":[[0,0]]},{"g":[1,1],"c":["(69, 142, 0,1)","(47, 127, 183,1)","(255, 167, 53,1)","(231, 48, 110,1)"],"l":[[2,3],[2,1],[0,1],[1,0]],"s":4,"sp":"freezer"},{"g":[1,2],"c":["(47, 127, 183,1)","(255, 167, 53,1)","(69, 142, 0,1)","(231, 48, 110,1)"],"l":[[0,1],[2,4],[3,1],[4,4],[6,2]],"s":2},{"g":[1,3],"c":["(231, 48, 110,1)","(47, 127, 183,1)","(255, 167, 53,1)","(69, 142, 0,1)"],"l":[[2,0],[4,1],[1,4]],"s":3},{"g":[1,4],"c":["(255, 167, 53,1)","(231, 48, 110,1)","(47, 127, 183,1)","(69, 142, 0,1)"],"l":[]}],[{"g":[2,0],"c":["(47, 127, 183,1)","(231, 48, 110,1)","(255, 167, 53,1)","(69, 142, 0,1)"],"l":[[1,3],[4,1],[1,0]],"s":3},{"g":[2,1],"c":["(47, 127, 183,1)","(255, 167, 53,1)","(69, 142, 0,1)","(231, 48, 110,1)"],"l":[]},{"g":[2,2],"c":["(47, 127, 183,1)","(69, 142, 0,1)","(231, 48, 110,1)","(255, 167, 53,1)"],"l":[[0,4],[5,0],[5,2]],"s":1},{"g":[2,3],"c":["(231, 48, 110,1)","(47, 127, 183,1)","(255, 167, 53,1)","(69, 142, 0,1)"],"l":[[1,1],[1,3]],"s":4},{"g":[2,4],"c":["(69, 142, 0,1)","(255, 167, 53,1)","(47, 127, 183,1)","(231, 48, 110,1)"],"l":[[0,1],[1,2],[3,1],[4,4],[6,2],[1,4]],"s":2}],[{"g":[3,0],"c":["(47, 127, 183,1)","(231, 48, 110,1)","(255, 167, 53,1)","(69, 142, 0,1)"],"l":[[4,0]]},{"g":[3,1],"c":["(255, 167, 53,1)","(69, 142, 0,1)","(47, 127, 183,1)","(231, 48, 110,1)"],"l":[[0,1],[1,2],[2,4],[4,4],[6,2],[3,2],[4,1]],"s":2},{"g":[3,2],"c":["(231, 48, 110,1)","(47, 127, 183,1)","(69, 142, 0,1)","(255, 167, 53,1)"],"l":[[3,3],[4,2]]},{"g":[3,3],"c":["(255, 167, 53,1)","(231, 48, 110,1)","(69, 142, 0,1)","(47, 127, 183,1)"],"l":[[4,3]]},{"g":[3,4],"c":["(255, 167, 53,1)","(47, 127, 183,1)","(69, 142, 0,1)","(231, 48, 110,1)"],"l":[[3,3]]}],[{"g":[4,0],"c":["(255, 167, 53,1)","(69, 142, 0,1)","(231, 48, 110,1)","(47, 127, 183,1)"],"l":[]},{"g":[4,1],"c":["(69, 142, 0,1)","(47, 127, 183,1)","(231, 48, 110,1)","(255, 167, 53,1)"],"l":[[1,3],[2,0]],"s":3},{"g":[4,2],"c":["(231, 48, 110,1)","(47, 127, 183,1)","(255, 167, 53,1)","(69, 142, 0,1)"],"l":[[4,3]]},{"g":[4,3],"c":["(69, 142, 0,1)","(47, 127, 183,1)","(231, 48, 110,1)","(255, 167, 53,1)"],"l":[]},{"g":[4,4],"c":["(255, 167, 53,1)","(69, 142, 0,1)","(231, 48, 110,1)","(47, 127, 183,1)"],"l":[[0,1],[1,2],[2,4],[3,1],[6,2]],"s":2}],[{"g":[5,0],"c":["(47, 127, 183,1)","(231, 48, 110,1)","(69, 142, 0,1)","(255, 167, 53,1)"],"l":[[0,4],[2,2],[5,2]],"s":1},{"g":[5,1],"c":["(255, 167, 53,1)","(231, 48, 110,1)","(47, 127, 183,1)","(69, 142, 0,1)"],"l":[]},{"g":[5,2],"c":["(69, 142, 0,1)","(255, 167, 53,1)","(47, 127, 183,1)","(231, 48, 110,1)"],"l":[[0,4],[2,2],[5,0]],"s":1},{"g":[5,3],"c":["(255, 167, 53,1)","(69, 142, 0,1)","(231, 48, 110,1)","(47, 127, 183,1)"],"l":[]},{"g":[5,4],"c":["(231, 48, 110,1)","(255, 167, 53,1)","(69, 142, 0,1)","(47, 127, 183,1)"],"l":[]}],[{"g":[6,0],"c":["(69, 142, 0,1)","(231, 48, 110,1)","(47, 127, 183,1)","(255, 167, 53,1)"],"l":[]},{"g":[6,1],"c":["(231, 48, 110,1)","(255, 167, 53,1)","(47, 127, 183,1)","(69, 142, 0,1)"],"l":[[6,0]]},{"g":[6,2],"c":["(69, 142, 0,1)","(47, 127, 183,1)","(231, 48, 110,1)","(255, 167, 53,1)"],"l":[[0,1],[1,2],[2,4],[3,1],[4,4],[6,1],[6,3]],"s":2,"sp":"freezer"},{"g":[6,3],"c":["(231, 48, 110,1)","(69, 142, 0,1)","(255, 167, 53,1)","(47, 127, 183,1)"],"l":[[6,4]]},{"g":[6,4],"c":["(69, 142, 0,1)","(231, 48, 110,1)","(47, 127, 183,1)","(255, 167, 53,1)"],"l":[],"f":true}]],"start":{"row":6,"col":4},"finish":{"row":0,"col":0},"visitedNodes":[[6,4]],"solution":[[6,4],[5,4],[4,4],[4,3],[3,3],[2,3],[2,2],[3,2],[3,3],[3,4],[2,4],[2,3],[1,3],[0,3],[0,2],[1,2],[2,2],[2,1],[3,1],[4,1],[4,2],[5,2],[6,2],[6,1],[6,0],[5,0],[4,0],[3,0],[2,0],[1,0],[0,0]],"pathLength":213},{"grid":[[{"g":[0,0],"c":["(231, 48, 110,1)","(69, 142, 0,1)","(47, 127, 183,1)","(255, 167, 53,1)"],"l":[[1,1],[1,2],[4,1]],"s":1},{"g":[0,1],"c":["(231, 48, 110,1)","(69, 142, 0,1)","(47, 127, 183,1)","(255, 167, 53,1)"],"l":[]},{"g":[0,2],"c":["(47, 127, 183,1)","(69, 142, 0,1)","(255, 167, 53,1)","(231, 48, 110,1)"],"l":[]},{"g":[0,3],"c":["(231, 48, 110,1)","(255, 167, 53,1)","(69, 142, 0,1)","(47, 127, 183,1)"],"l":[]},{"g":[0,4],"c":["(47, 127, 183,1)","(231, 48, 110,1)","(69, 142, 0,1)","(255, 167, 53,1)"],"l":[]}],[{"g":[1,0],"c":["(69, 142, 0,1)","(47, 127, 183,1)","(255, 167, 53,1)","(231, 48, 110,1)"],"l":[[3,3],[4,3],[5,1],[6,2],[6,4],[2,0]],"s":4},{"g":[1,1],"c":["(47, 127, 183,1)","(69, 142, 0,1)","(231, 48, 110,1)","(255, 167, 53,1)"],"l":[[0,0],[1,2],[4,1],[1,0],[2,1]],"s":1},{"g":[1,2],"c":["(47, 127, 183,1)","(231, 48, 110,1)","(255, 167, 53,1)","(69, 142, 0,1)"],"l":[[0,0],[1,1],[4,1],[0,2]],"s":1},{"g":[1,3],"c":["(231, 48, 110,1)","(255, 167, 53,1)","(47, 127, 183,1)","(69, 142, 0,1)"],"l":[[1,4],[2,0],[4,4]],"s":3},{"g":[1,4],"c":["(47, 127, 183,1)","(231, 48, 110,1)","(69, 142, 0,1)","(255, 167, 53,1)"],"l":[[1,3],[2,0],[4,4]],"s":3}],[{"g":[2,0],"c":["(231, 48, 110,1)","(255, 167, 53,1)","(69, 142, 0,1)","(47, 127, 183,1)"],"l":[[1,3],[1,4],[4,4]],"s":3},{"g":[2,1],"c":["(69, 142, 0,1)","(47, 127, 183,1)","(231, 48, 110,1)","(255, 167, 53,1)"],"l":[[2,2],[2,4],[3,4],[5,3],[6,1],[6,3]],"s":2,"sp":"freezer"},{"g":[2,2],"c":["(231, 48, 110,1)","(47, 127, 183,1)","(255, 167, 53,1)","(69, 142, 0,1)"],"l":[[2,1],[2,4],[3,4],[5,3],[6,1],[6,3],[2,3],[3,2]],"s":2},{"g":[2,3],"c":["(231, 48, 110,1)","(69, 142, 0,1)","(47, 127, 183,1)","(255, 167, 53,1)"],"l":[]},{"g":[2,4],"c":["(231, 48, 110,1)","(255, 167, 53,1)","(47, 127, 183,1)","(69, 142, 0,1)"],"l":[[2,1],[2,2],[3,4],[5,3],[6,1],[6,3],[2,3]],"s":2}],[{"g":[3,0],"c":["(47, 127, 183,1)","(231, 48, 110,1)","(69, 142, 0,1)","(255, 167, 53,1)"],"l":[[2,0],[4,0]]},{"g":[3,1],"c":["(69, 142, 0,1)","(47, 127, 183,1)","(255, 167, 53,1)","(231, 48, 110,1)"],"l":[]},{"g":[3,2],"c":["(255, 167, 53,1)","(231, 48, 110,1)","(69, 142, 0,1)","(47, 127, 183,1)"],"l":[[3,1],[3,3]]},{"g":[3,3],"c":["(47, 127, 183,1)","(255, 167, 53,1)","(231, 48, 110,1)","(69, 142, 0,1)"],"l":[[1,0],[4,3],[5,1],[6,2],[6,4]],"s":4},{"g":[3,4],"c":["(255, 167, 53,1)","(69, 142, 0,1)","(47, 127, 183,1)","(231, 48, 110,1)"],"l":[[2,1],[2,2],[2,4],[5,3],[6,1],[6,3]],"s":2}],[{"g":[4,0],"c":["(69, 142, 0,1)","(255, 167, 53,1)","(231, 48, 110,1)","(47, 127, 183,1)"],"l":[]},{"g":[4,1],"c":["(47, 127, 183,1)","(231, 48, 110,1)","(255, 167, 53,1)","(69, 142, 0,1)"],"l":[[0,0],[1,1],[1,2]],"s":1},{"g":[4,2],"c":["(47, 127, 183,1)","(255, 167, 53,1)","(69, 142, 0,1)","(231, 48, 110,1)"],"l":[]},{"g":[4,3],"c":["(231, 48, 110,1)","(69, 142, 0,1)","(47, 127, 183,1)","(255, 167, 53,1)"],"l":[[1,0],[3,3],[5,1],[6,2],[6,4]],"s":4},{"g":[4,4],"c":["(231, 48, 110,1)","(69, 142, 0,1)","(255, 167, 53,1)","(47, 127, 183,1)"],"l":[[1,3],[1,4],[2,0],[3,4],[5,4]],"s":3}],[{"g":[5,0],"c":["(231, 48, 110,1)","(255, 167, 53,1)","(69, 142, 0,1)","(47, 127, 183,1)"],"l":[]},{"g":[5,1],"c":["(69, 142, 0,1)","(47, 127, 183,1)","(255, 167, 53,1)","(231, 48, 110,1)"],"l":[[1,0],[3,3],[4,3],[6,2],[6,4]],"s":4},{"g":[5,2],"c":["(69, 142, 0,1)","(255, 167, 53,1)","(47, 127, 183,1)","(231, 48, 110,1)"],"l":[]},{"g":[5,3],"c":["(69, 142, 0,1)","(47, 127, 183,1)","(231, 48, 110,1)","(255, 167, 53,1)"],"l":[[2,1],[2,2],[2,4],[3,4],[6,1],[6,3]],"s":2},{"g":[5,4],"c":["(255, 167, 53,1)","(231, 48, 110,1)","(69, 142, 0,1)","(47, 127, 183,1)"],"l":[]}],[{"g":[6,0],"c":["(69, 142, 0,1)","(231, 48, 110,1)","(47, 127, 183,1)","(255, 167, 53,1)"],"l":[[6,1]],"f":true},{"g":[6,1],"c":["(255, 167, 53,1)","(231, 48, 110,1)","(47, 127, 183,1)","(69, 142, 0,1)"],"l":[[2,1],[2,2],[2,4],[3,4],[5,3],[6,3]],"s":2},{"g":[6,2],"c":["(255, 167, 53,1)","(47, 127, 183,1)","(231, 48, 110,1)","(69, 142, 0,1)"],"l":[[1,0],[3,3],[4,3],[5,1],[6,4]],"s":4},{"g":[6,3],"c":["(255, 167, 53,1)","(69, 142, 0,1)","(231, 48, 110,1)","(47, 127, 183,1)"],"l":[[2,1],[2,2],[2,4],[3,4],[5,3],[6,1],[6,2]],"s":2},{"g":[6,4],"c":["(69, 142, 0,1)","(47, 127, 183,1)","(231, 48, 110,1)","(255, 167, 53,1)"],"l":[[1,0],[3,3],[4,3],[5,1],[6,2],[6,3]],"s":4}]],"start":{"row":6,"col":0},"finish":{"row":0,"col":1},"visitedNodes":[[6,0]],"solution":[[6,0],[5,0],[4,0],[3,0],[3,1],[3,2],[3,3],[4,3],[5,3],[5,2],[5,1],[4,1],[4,2],[5,2],[6,2],[6,3],[6,4],[5,4],[4,4],[3,4],[2,4],[2,3],[1,3],[1,4],[0,4],[0,3],[1,3],[1,2],[2,2],[2,1],[2,0],[1,0],[0,0],[0,1]],"pathLength":195},{"grid":[[{"g":[0,0],"c":["(69, 142, 0,1)","(231, 48, 110,1)","(47, 127, 183,1)","(255, 167, 53,1)"],"l":[[0,1],[1,0]]},{"g":[0,1],"c":["(47, 127, 183,1)","(231, 48, 110,1)","(69, 142, 0,1)","(255, 167, 53,1)"],"l":[[1,2]],"s":4},{"g":[0,2],"c":["(69, 142, 0,1)","(255, 167, 53,1)","(47, 127, 183,1)","(231, 48, 110,1)"],"l":[[1,1],[1,4],[2,2],[5,3]],"s":2},{"g":[0,3],"c":["(69, 142, 0,1)","(231, 48, 110,1)","(47, 127, 183,1)","(255, 167, 53,1)"],"l":[[0,4],[4,3],[6,3]],"s":1},{"g":[0,4],"c":["(69, 142, 0,1)","(47, 127, 183,1)","(255, 167, 53,1)","(231, 48, 110,1)"],"l":[[0,3],[4,3],[6,3],[1,4]],"s":1}],[{"g":[1,0],"c":["(69, 142, 0,1)","(231, 48, 110,1)","(255, 167, 53,1)","(47, 127, 183,1)"],"l":[]},{"g":[1,1],"c":["(69, 142, 0,1)","(255, 167, 53,1)","(47, 127, 183,1)","(231, 48, 110,1)"],"l":[[0,2],[1,4],[2,2],[5,3],[1,2]],"s":2},{"g":[1,2],"c":["(255, 167, 53,1)","(69, 142, 0,1)","(231, 48, 110,1)","(47, 127, 183,1)"],"l":[[0,1],[1,3],[2,2]],"s":4},{"g":[1,3],"c":["(231, 48, 110,1)","(255, 167, 53,1)","(47, 127, 183,1)","(69, 142, 0,1)"],"l":[[2,3]]},{"g":[1,4],"c":["(231, 48, 110,1)","(69, 142, 0,1)","(255, 167, 53,1)","(47, 127, 183,1)"],"l":[[0,2],[1,1],[2,2],[5,3]],"s":2}],[{"g":[2,0],"c":["(255, 167, 53,1)","(69, 142, 0,1)","(231, 48, 110,1)","(47, 127, 183,1)"],"l":[[3,0],[2,1]]},{"g":[2,1],"c":["(231, 48, 110,1)","(47, 127, 183,1)","(255, 167, 53,1)","(69, 142, 0,1)"],"l":[],"sp":"rotateCC"},{"g":[2,2],"c":["(255, 167, 53,1)","(231, 48, 110,1)","(47, 127, 183,1)","(69, 142, 0,1)"],"l":[[0,2],[1,1],[1,4],[5,3]],"s":2},{"g":[2,3],"c":["(69, 142, 0,1)","(231, 48, 110,1)","(255, 167, 53,1)","(47, 127, 183,1)"],"l":[]},{"g":[2,4],"c":["(231, 48, 110,1)","(255, 167, 53,1)","(69, 142, 0,1)","(47, 127, 183,1)"],"l":[[2,3]]}],[{"g":[3,0],"c":["(47, 127, 183,1)","(231, 48, 110,1)","(69, 142, 0,1)","(255, 167, 53,1)"],"l":[[4,0]]},{"g":[3,1],"c":["(255, 167, 53,1)","(69, 142, 0,1)","(47, 127, 183,1)","(231, 48, 110,1)"],"l":[[3,0]]},{"g":[3,2],"c":["(255, 167, 53,1)","(69, 142, 0,1)","(47, 127, 183,1)","(231, 48, 110,1)"],"l":[[4,2]]},{"g":[3,3],"c":["(255, 167, 53,1)","(47, 127, 183,1)","(231, 48, 110,1)","(69, 142, 0,1)"],"l":[[3,4]]},{"g":[3,4],"c":["(69, 142, 0,1)","(47, 127, 183,1)","(255, 167, 53,1)","(231, 48, 110,1)"],"l":[]}],[{"g":[4,0],"c":["(69, 142, 0,1)","(47, 127, 183,1)","(231, 48, 110,1)","(255, 167, 53,1)"],"l":[]},{"g":[4,1],"c":["(255, 167, 53,1)","(69, 142, 0,1)","(47, 127, 183,1)","(231, 48, 110,1)"],"l":[]},{"g":[4,2],"c":["(231, 48, 110,1)","(255, 167, 53,1)","(69, 142, 0,1)","(47, 127, 183,1)"],"l":[[4,1]]},{"g":[4,3],"c":["(231, 48, 110,1)","(47, 127, 183,1)","(69, 142, 0,1)","(255, 167, 53,1)"],"l":[[0,3],[0,4],[6,3]],"s":1},{"g":[4,4],"c":["(69, 142, 0,1)","(231, 48, 110,1)","(255, 167, 53,1)","(47, 127, 183,1)"],"l":[]}],[{"g":[5,0],"c":["(231, 48, 110,1)","(47, 127, 183,1)","(255, 167, 53,1)","(69, 142, 0,1)"],"l":[]},{"g":[5,1],"c":["(231, 48, 110,1)","(47, 127, 183,1)","(255, 167, 53,1)","(69, 142, 0,1)"],"l":[]},{"g":[5,2],"c":["(69, 142, 0,1)","(231, 48, 110,1)","(255, 167, 53,1)","(47, 127, 183,1)"],"l":[]},{"g":[5,3],"c":["(255, 167, 53,1)","(69, 142, 0,1)","(47, 127, 183,1)","(231, 48, 110,1)"],"l":[[0,2],[1,1],[1,4],[2,2]],"s":2},{"g":[5,4],"c":["(255, 167, 53,1)","(69, 142, 0,1)","(231, 48, 110,1)","(47, 127, 183,1)"],"l":[]}],[{"g":[6,0],"c":["(255, 167, 53,1)","(47, 127, 183,1)","(231, 48, 110,1)","(69, 142, 0,1)"],"l":[]},{"g":[6,1],"c":["(255, 167, 53,1)","(69, 142, 0,1)","(231, 48, 110,1)","(47, 127, 183,1)"],"l":[],"f":true},{"g":[6,2],"c":["(255, 167, 53,1)","(47, 127, 183,1)","(231, 48, 110,1)","(69, 142, 0,1)"],"l":[]},{"g":[6,3],"c":["(255, 167, 53,1)","(47, 127, 183,1)","(231, 48, 110,1)","(69, 142, 0,1)"],"l":[[0,3],[0,4],[4,3]],"s":1},{"g":[6,4],"c":["(231, 48, 110,1)","(47, 127, 183,1)","(255, 167, 53,1)","(69, 142, 0,1)"],"l":[[6,3],[5,4]]}]],"start":{"row":6,"col":1},"finish":{"row":0,"col":4},"visitedNodes":[[6,1]],"solution":[[6,1],[5,1],[5,2],[4,2],[4,3],[4,4],[5,4],[6,4],[6,3],[6,2],[6,1],[6,0],[5,0],[4,0],[3,0],[3,1],[2,1],[2,0],[1,0],[1,1],[1,2],[2,2],[3,2],[3,3],[2,3],[1,3],[1,2],[0,2],[0,3],[0,4]],"pathLength":392},{"grid":[[{"g":[0,0],"c":["(47, 127, 183,1)","(231, 48, 110,1)","(69, 142, 0,1)","(255, 167, 53,1)"],"l":[]},{"g":[0,1],"c":["(69, 142, 0,1)","(255, 167, 53,1)","(231, 48, 110,1)","(47, 127, 183,1)"],"l":[[1,2],[3,1],[5,4],[1,1]],"s":4},{"g":[0,2],"c":["(231, 48, 110,1)","(47, 127, 183,1)","(255, 167, 53,1)","(69, 142, 0,1)"],"l":[[2,0],[2,1],[2,4],[4,1],[4,3],[5,2],[6,1]],"s":1},{"g":[0,3],"c":["(255, 167, 53,1)","(231, 48, 110,1)","(47, 127, 183,1)","(69, 142, 0,1)"],"l":[[1,1],[1,4],[6,0]],"s":3},{"g":[0,4],"c":["(255, 167, 53,1)","(231, 48, 110,1)","(69, 142, 0,1)","(47, 127, 183,1)"],"l":[[2,2],[3,2],[3,3],[4,0],[4,4]],"s":2}],[{"g":[1,0],"c":["(47, 127, 183,1)","(69, 142, 0,1)","(231, 48, 110,1)","(255, 167, 53,1)"],"l":[]},{"g":[1,1],"c":["(231, 48, 110,1)","(69, 142, 0,1)","(255, 167, 53,1)","(47, 127, 183,1)"],"l":[[0,3],[1,4],[6,0]],"s":3},{"g":[1,2],"c":["(69, 142, 0,1)","(231, 48, 110,1)","(255, 167, 53,1)","(47, 127, 183,1)"],"l":[[0,1],[3,1],[5,4]],"s":4},{"g":[1,3],"c":["(47, 127, 183,1)","(255, 167, 53,1)","(231