[{"grid":[[{"g":[0,0],"c":["(255, 167, 53,1)","(69, 142, 0,1)","(231, 48, 110,1)","(47, 127, 183,1)"],"l":[]},{"g":[0,1],"c":["(47, 127, 183,1)","(255, 167, 53,1)","(231, 48, 110,1)","(69, 142, 0,1)"],"l":[[0,3],[2,3],[4,0],[4,1]],"s":1},{"g":[0,2],"c":["(231, 48, 110,1)","(255, 167, 53,1)","(47, 127, 183,1)","(69, 142, 0,1)"],"l":[[1,3],[5,1],[5,3]],"s":3},{"g":[0,3],"c":["(47, 127, 183,1)","(69, 142, 0,1)","(255, 167, 53,1)","(231, 48, 110,1)"],"l":[[0,1],[2,3],[4,0],[4,1]],"s":1}],[{"g":[1,0],"c":["(255, 167, 53,1)","(231, 48, 110,1)","(69, 142, 0,1)","(47, 127, 183,1)"],"l":[]},{"g":[1,1],"c":["(47, 127, 183,1)","(69, 142, 0,1)","(255, 167, 53,1)","(231, 48, 110,1)"],"l":[[1,2],[3,3]],"s":2},{"g":[1,2],"c":["(47, 127, 183,1)","(255, 167, 53,1)","(231, 48, 110,1)","(69, 142, 0,1)"],"l":[[1,1],[3,3]],"s":2},{"g":[1,3],"c":["(69, 142, 0,1)","(231, 48, 110,1)","(47, 127, 183,1)","(255, 167, 53,1)"],"l":[[0,2],[5,1],[5,3],[2,3],[0,3]],"s":3}],[{"g":[2,0],"c":["(69, 142, 0,1)","(231, 48, 110,1)","(47, 127, 183,1)","(255, 167, 53,1)"],"l":[]},{"g":[2,1],"c":["(255, 167, 53,1)","(47, 127, 183,1)","(69, 142, 0,1)","(231, 48, 110,1)"],"l":[]},{"g":[2,2],"c":["(69, 142, 0,1)","(255, 167, 53,1)","(231, 48, 110,1)","(47, 127, 183,1)"],"l":[[4,2],[3,2],[2,3]],"s":4},{"g":[2,3],"c":["(231, 48, 110,1)","(255, 167, 53,1)","(69, 142, 0,1)","(47, 127, 183,1)"],"l":[[0,1],[0,3],[4,0],[4,1]],"s":1}],[{"g":[3,0],"c":["(47, 127, 183,1)","(231, 48, 110,1)","(255, 167, 53,1)","(69, 142, 0,1)"],"l":[]},{"g":[3,1],"c":["(69, 142, 0,1)","(47, 127, 183,1)","(255, 167, 53,1)","(231, 48, 110,1)"],"l":[]},{"g":[3,2],"c":["(255, 167, 53,1)","(69, 142, 0,1)","(231, 48, 110,1)","(47, 127, 183,1)"],"l":[]},{"g":[3,3],"c":["(47, 127, 183,1)","(231, 48, 110,1)","(69, 142, 0,1)","(255, 167, 53,1)"],"l":[[1,1],[1,2],[2,3],[3,2]],"s":2}],[{"g":[4,0],"c":["(69, 142, 0,1)","(47, 127, 183,1)","(231, 48, 110,1)","(255, 167, 53,1)"],"l":[[0,1],[0,3],[2,3],[4,1]],"s":1},{"g":[4,1],"c":["(47, 127, 183,1)","(231, 48, 110,1)","(69, 142, 0,1)","(255, 167, 53,1)"],"l":[[0,1],[0,3],[2,3],[4,0]],"s":1,"sp":"freezer"},{"g":[4,2],"c":["(231, 48, 110,1)","(69, 142, 0,1)","(255, 167, 53,1)","(47, 127, 183,1)"],"l":[[2,2]],"s":4},{"g":[4,3],"c":["(231, 48, 110,1)","(255, 167, 53,1)","(69, 142, 0,1)","(47, 127, 183,1)"],"l":[]}],[{"g":[5,0],"c":["(231, 48, 110,1)","(47, 127, 183,1)","(255, 167, 53,1)","(69, 142, 0,1)"],"l":[[5,1],[4,0]],"f":true},{"g":[5,1],"c":["(231, 48, 110,1)","(255, 167, 53,1)","(69, 142, 0,1)","(47, 127, 183,1)"],"l":[[0,2],[1,3],[5,3],[4,1],[5,2]],"s":3},{"g":[5,2],"c":["(231, 48, 110,1)","(47, 127, 183,1)","(69, 142, 0,1)","(255, 167, 53,1)"],"l":[]},{"g":[5,3],"c":["(255, 167, 53,1)","(47, 127, 183,1)","(231, 48, 110,1)","(69, 142, 0,1)"],"l":[[0,2],[1,3],[5,1]],"s":3}]],"start":{"row":5,"col":0},"finish":{"row":0,"col":0},"visitedNodes":[[5,0]],"solution":[[5,0],[5,1],[4,1],[3,1],[3,0],[2,0],[1,0],[1,1],[2,1],[3,1],[3,2],[3,3],[4,3],[5,3],[5,2],[4,2],[3,2],[2,2],[1,2],[0,2],[0,1],[0,0]],"pathLength":138},{"grid":[[{"g":[0,0],"c":["(231, 48, 110,1)","(47, 127, 183,1)","(69, 142, 0,1)","(255, 167, 53,1)"],"l":[]},{"g":[0,1],"c":["(47, 127, 183,1)","(255, 167, 53,1)","(231, 48, 110,1)","(69, 142, 0,1)"],"l":[[1,1],[3,0],[5,1]],"s":1},{"g":[0,2],"c":["(255, 167, 53,1)","(231, 48, 110,1)","(47, 127, 183,1)","(69, 142, 0,1)"],"l":[]},{"g":[0,3],"c":["(69, 142, 0,1)","(255, 167, 53,1)","(47, 127, 183,1)","(231, 48, 110,1)"],"l":[[0,2],[1,3]]}],[{"g":[1,0],"c":["(69, 142, 0,1)","(255, 167, 53,1)","(47, 127, 183,1)","(231, 48, 110,1)"],"l":[]},{"g":[1,1],"c":["(255, 167, 53,1)","(231, 48, 110,1)","(47, 127, 183,1)","(69, 142, 0,1)"],"l":[[0,1],[3,0],[5,1]],"s":1},{"g":[1,2],"c":["(231, 48, 110,1)","(255, 167, 53,1)","(47, 127, 183,1)","(69, 142, 0,1)"],"l":[[1,1]]},{"g":[1,3],"c":["(255, 167, 53,1)","(231, 48, 110,1)","(69, 142, 0,1)","(47, 127, 183,1)"],"l":[],"sp":"rotateCC"}],[{"g":[2,0],"c":["(69, 142, 0,1)","(231, 48, 110,1)","(47, 127, 183,1)","(255, 167, 53,1)"],"l":[[2,3],[4,1],[5,2],[3,0]],"s":3,"sp":"freezer"},{"g":[2,1],"c":["(69, 142, 0,1)","(255, 167, 53,1)","(231, 48, 110,1)","(47, 127, 183,1)"],"l":[[1,1]]},{"g":[2,2],"c":["(47, 127, 183,1)","(255, 167, 53,1)","(231, 48, 110,1)","(69, 142, 0,1)"],"l":[]},{"g":[2,3],"c":["(255, 167, 53,1)","(231, 48, 110,1)","(47, 127, 183,1)","(69, 142, 0,1)"],"l":[[2,0],[4,1],[5,2],[3,3],[1,3]],"s":3}],[{"g":[3,0],"c":["(255, 167, 53,1)","(69, 142, 0,1)","(47, 127, 183,1)","(231, 48, 110,1)"],"l":[[0,1],[1,1],[5,1],[4,0]],"s":1},{"g":[3,1],"c":["(255, 167, 53,1)","(69, 142, 0,1)","(231, 48, 110,1)","(47, 127, 183,1)"],"l":[[3,0],[2,1]]},{"g":[3,2],"c":["(231, 48, 110,1)","(47, 127, 183,1)","(255, 167, 53,1)","(69, 142, 0,1)"],"l":[]},{"g":[3,3],"c":["(255, 167, 53,1)","(231, 48, 110,1)","(47, 127, 183,1)","(69, 142, 0,1)"],"l":[]}],[{"g":[4,0],"c":["(69, 142, 0,1)","(47, 127, 183,1)","(231, 48, 110,1)","(255, 167, 53,1)"],"l":[]},{"g":[4,1],"c":["(231, 48, 110,1)","(69, 142, 0,1)","(255, 167, 53,1)","(47, 127, 183,1)"],"l":[[2,0],[2,3],[5,2]],"s":3},{"g":[4,2],"c":["(47, 127, 183,1)","(231, 48, 110,1)","(69, 142, 0,1)","(255, 167, 53,1)"],"l":[]},{"g":[4,3],"c":["(255, 167, 53,1)","(69, 142, 0,1)","(47, 127, 183,1)","(231, 48, 110,1)"],"l":[[4,2],[3,3]]}],[{"g":[5,0],"c":["(231, 48, 110,1)","(47, 127, 183,1)","(255, 167, 53,1)","(69, 142, 0,1)"],"l":[],"f":true},{"g":[5,1],"c":["(255, 167, 53,1)","(47, 127, 183,1)","(231, 48, 110,1)","(69, 142, 0,1)"],"l":[[0,1],[1,1],[3,0]],"s":1},{"g":[5,2],"c":["(255, 167, 53,1)","(69, 142, 0,1)","(47, 127, 183,1)","(231, 48, 110,1)"],"l":[[2,0],[2,3],[4,1]],"s":3},{"g":[5,3],"c":["(69, 142, 0,1)","(231, 48, 110,1)","(47, 127, 183,1)","(255, 167, 53,1)"],"l":[[4,3]]}]],"start":{"row":5,"col":0},"finish":{"row":0,"col":0},"visitedNodes":[[5,0]],"solution":[[5,0],[4,0],[4,1],[5,1],[5,2],[5,3],[4,3],[3,3],[3,2],[3,1],[4,1],[4,2],[3,2],[2,2],[1,2],[1,1],[0,1],[0,2],[0,3],[1,3],[2,3],[2,2],[2,1],[3,1],[3,0],[2,0],[1,0],[0,0]],"pathLength":190},{"grid":[[{"g":[0,0],"c":["(255, 167, 53,1)","(231, 48, 110,1)","(47, 127, 183,1)","(69, 142, 0,1)"],"l":[]},{"g":[0,1],"c":["(69, 142, 0,1)","(255, 167, 53,1)","(47, 127, 183,1)","(231, 48, 110,1)"],"l":[[0,2],[1,2],[2,1],[3,2],[0,0]],"s":3},{"g":[0,2],"c":["(69, 142, 0,1)","(47, 127, 183,1)","(255, 167, 53,1)","(231, 48, 110,1)"],"l":[[0,1],[1,2],[2,1],[3,2]],"s":3},{"g":[0,3],"c":["(231, 48, 110,1)","(255, 167, 53,1)","(47, 127, 183,1)","(69, 142, 0,1)"],"l":[]}],[{"g":[1,0],"c":["(47, 127, 183,1)","(255, 167, 53,1)","(69, 142, 0,1)","(231, 48, 110,1)"],"l":[[4,1],[5,1],[5,2],[1,1],[2,0]],"s":2},{"g":[1,1],"c":["(69, 142, 0,1)","(255, 167, 53,1)","(231, 48, 110,1)","(47, 127, 183,1)"],"l":[[2,1],[0,1],[1,2]]},{"g":[1,2],"c":["(47, 127, 183,1)","(69, 142, 0,1)","(231, 48, 110,1)","(255, 167, 53,1)"],"l":[[0,1],[0,2],[2,1],[3,2],[2,2],[1,3]],"s":3,"sp":"freezer"},{"g":[1,3],"c":["(69, 142, 0,1)","(231, 48, 110,1)","(47, 127, 183,1)","(255, 167, 53,1)"],"l":[[0,3]]}],[{"g":[2,0],"c":["(69, 142, 0,1)","(255, 167, 53,1)","(47, 127, 183,1)","(231, 48, 110,1)"],"l":[[2,1],[3,0]]},{"g":[2,1],"c":["(47, 127, 183,1)","(255, 167, 53,1)","(69, 142, 0,1)","(231, 48, 110,1)"],"l":[[0,1],[0,2],[1,2],[3,2]],"s":3,"sp":"freezer"},{"g":[2,2],"c":["(47, 127, 183,1)","(255, 167, 53,1)","(231, 48, 110,1)","(69, 142, 0,1)"],"l":[[5,3],[2,3],[2,1]],"s":1},{"g":[2,3],"c":["(231, 48, 110,1)","(69, 142, 0,1)","(255, 167, 53,1)","(47, 127, 183,1)"],"l":[]}],[{"g":[3,0],"c":["(47, 127, 183,1)","(255, 167, 53,1)","(231, 48, 110,1)","(69, 142, 0,1)"],"l":[[3,1]]},{"g":[3,1],"c":["(47, 127, 183,1)","(231, 48, 110,1)","(255, 167, 53,1)","(69, 142, 0,1)"],"l":[[4,1]],"sp":"rotateCC"},{"g":[3,2],"c":["(255, 167, 53,1)","(69, 142, 0,1)","(47, 127, 183,1)","(231, 48, 110,1)"],"l":[[0,1],[0,2],[1,2],[2,1],[3,3]],"s":3},{"g":[3,3],"c":["(69, 142, 0,1)","(47, 127, 183,1)","(231, 48, 110,1)","(255, 167, 53,1)"],"l":[]}],[{"g":[4,0],"c":["(231, 48, 110,1)","(69, 142, 0,1)","(255, 167, 53,1)","(47, 127, 183,1)"],"l":[[5,0]]},{"g":[4,1],"c":["(69, 142, 0,1)","(231, 48, 110,1)","(255, 167, 53,1)","(47, 127, 183,1)"],"l":[[1,0],[5,1],[5,2]],"s":2},{"g":[4,2],"c":["(255, 167, 53,1)","(69, 142, 0,1)","(47, 127, 183,1)","(231, 48, 110,1)"],"l":[[4,3]]},{"g":[4,3],"c":["(231, 48, 110,1)","(47, 127, 183,1)","(255, 167, 53,1)","(69, 142, 0,1)"],"l":[]}],[{"g":[5,0],"c":["(255, 167, 53,1)","(69, 142, 0,1)","(231, 48, 110,1)","(47, 127, 183,1)"],"l":[],"f":true},{"g":[5,1],"c":["(231, 48, 110,1)","(255, 167, 53,1)","(47, 127, 183,1)","(69, 142, 0,1)"],"l":[[1,0],[4,1],[5,2]],"s":2},{"g":[5,2],"c":["(231, 48, 110,1)","(255, 167, 53,1)","(69, 142, 0,1)","(47, 127, 183,1)"],"l":[[1,0],[4,1],[5,1]],"s":2},{"g":[5,3],"c":["(69, 142, 0,1)","(255, 167, 53,1)","(231, 48, 110,1)","(47, 127, 183,1)"],"l":[[2,2]],"s":1}]],"start":{"row":5,"col":0},"finish":{"row":0,"col":3},"visitedNodes":[[5,0]],"solution":[[5,0],[4,0],[3,0],[2,0],[1,0],[0,0],[0,1],[1,1],[2,1],[2,2],[2,3],[3,3],[4,3],[4,2],[5,2],[5,1],[4,1],[3,1],[3,2],[2,2],[1,2],[1,3],[0,3]],"pathLength":106},{"grid":[[{"g":[0,0],"c":["(255, 167, 53,1)","(231, 48, 110,1)","(47, 127, 183,1)","(69, 142, 0,1)"],"l":[[0,2],[2,0]],"s":1},{"g":[0,1],"c":["(231, 48, 110,1)","(47, 127, 183,1)","(69, 142, 0,1)","(255, 167, 53,1)"],"l":[[0,3],[1,3],[0,2]],"s":4},{"g":[0,2],"c":["(47, 127, 183,1)","(69, 142, 0,1)","(255, 167, 53,1)","(231, 48, 110,1)"],"l":[[0,0],[2,0]],"s":1},{"g":[0,3],"c":["(231, 48, 110,1)","(47, 127, 183,1)","(255, 167, 53,1)","(69, 142, 0,1)"],"l":[[0,1],[1,3],[0,2]],"s":4}],[{"g":[1,0],"c":["(69, 142, 0,1)","(47, 127, 183,1)","(255, 167, 53,1)","(231, 48, 110,1)"],"l":[]},{"g":[1,1],"c":["(69, 142, 0,1)","(255, 167, 53,1)","(47, 127, 183,1)","(231, 48, 110,1)"],"l":[[5,1],[5,2],[1,2],[1,0]],"s":2},{"g":[1,2],"c":["(69, 142, 0,1)","(47, 127, 183,1)","(231, 48, 110,1)","(255, 167, 53,1)"],"l":[[2,1],[3,0]],"s":3},{"g":[1,3],"c":["(69, 142, 0,1)","(255, 167, 53,1)","(231, 48, 110,1)","(47, 127, 183,1)"],"l":[[0,1],[0,3],[1,2]],"s":4}],[{"g":[2,0],"c":["(255, 167, 53,1)","(69, 142, 0,1)","(231, 48, 110,1)","(47, 127, 183,1)"],"l":[[0,0],[0,2]],"s":1},{"g":[2,1],"c":["(69, 142, 0,1)","(255, 167, 53,1)","(231, 48, 110,1)","(47, 127, 183,1)"],"l":[[1,2],[3,0]],"s":3},{"g":[2,2],"c":["(231, 48, 110,1)","(69, 142, 0,1)","(47, 127, 183,1)","(255, 167, 53,1)"],"l":[[2,1]]},{"g":[2,3],"c":["(69, 142, 0,1)","(231, 48, 110,1)","(255, 167, 53,1)","(47, 127, 183,1)"],"l":[]}],[{"g":[3,0],"c":["(255, 167, 53,1)","(47, 127, 183,1)","(69, 142, 0,1)","(231, 48, 110,1)"],"l":[[1,2],[2,1]],"s":3},{"g":[3,1],"c":["(47, 127, 183,1)","(255, 167, 53,1)","(69, 142, 0,1)","(231, 48, 110,1)"],"l":[[2,1],[4,1],[3,2]]},{"g":[3,2],"c":["(255, 167, 53,1)","(231, 48, 110,1)","(69, 142, 0,1)","(47, 127, 183,1)"],"l":[[4,2],[2,2]],"sp":"rotateCC"},{"g":[3,3],"c":["(47, 127, 183,1)","(255, 167, 53,1)","(69, 142, 0,1)","(231, 48, 110,1)"],"l":[[4,3],[2,3]]}],[{"g":[4,0],"c":["(255, 167, 53,1)","(47, 127, 183,1)","(69, 142, 0,1)","(231, 48, 110,1)"],"l":[]},{"g":[4,1],"c":["(69, 142, 0,1)","(47, 127, 183,1)","(231, 48, 110,1)","(255, 167, 53,1)"],"l":[]},{"g":[4,2],"c":["(69, 142, 0,1)","(255, 167, 53,1)","(231, 48, 110,1)","(47, 127, 183,1)"],"l":[[4,1]]},{"g":[4,3],"c":["(69, 142, 0,1)","(231, 48, 110,1)","(47, 127, 183,1)","(255, 167, 53,1)"],"l":[]}],[{"g":[5,0],"c":["(69, 142, 0,1)","(255, 167, 53,1)","(231, 48, 110,1)","(47, 127, 183,1)"],"l":[]},{"g":[5,1],"c":["(231, 48, 110,1)","(69, 142, 0,1)","(47, 127, 183,1)","(255, 167, 53,1)"],"l":[[1,1],[5,2]],"s":2},{"g":[5,2],"c":["(231, 48, 110,1)","(69, 142, 0,1)","(255, 167, 53,1)","(47, 127, 183,1)"],"l":[[1,1],[5,1]],"s":2},{"g":[5,3],"c":["(231, 48, 110,1)","(47, 127, 183,1)","(255, 167, 53,1)","(69, 142, 0,1)"],"l":[],"f":true}]],"start":{"row":5,"col":3},"finish":{"row":0,"col":1},"visitedNodes":[[5,3]],"solution":[[5,3],[5,2],[4,2],[3,2],[2,2],[2,1],[2,0],[1,0],[1,1],[2,1],[3,1],[3,0],[4,0],[5,0],[5,1],[4,1],[4,2],[4,3],[3,3],[2,3],[1,3],[0,3],[0,2],[1,2],[1,1],[0,1]],"pathLength":104},{"grid":[[{"g":[0,0],"c":["(255, 167, 53,1)","(231, 48, 110,1)","(69, 142, 0,1)","(47, 127, 183,1)"],"l":[[0,2]],"s":3},{"g":[0,1],"c":["(47, 127, 183,1)","(231, 48, 110,1)","(255, 167, 53,1)","(69, 142, 0,1)"],"l":[[0,0]],"sp":"rotateCC"},{"g":[0,2],"c":["(47, 127, 183,1)","(231, 48, 110,1)","(69, 142, 0,1)","(255, 167, 53,1)"],"l":[[0,0],[0,1]],"s":3},{"g":[0,3],"c":["(69, 142, 0,1)","(47, 127, 183,1)","(231, 48, 110,1)","(255, 167, 53,1)"],"l":[[2,1],[4,2],[5,0],[0,2],[1,3]],"s":2}],[{"g":[1,0],"c":["(47, 127, 183,1)","(69, 142, 0,1)","(231, 48, 110,1)","(255, 167, 53,1)"],"l":[]},{"g":[1,1],"c":["(47, 127, 183,1)","(231, 48, 110,1)","(69, 142, 0,1)","(255, 167, 53,1)"],"l":[]},{"g":[1,2],"c":["(231, 48, 110,1)","(255, 167, 53,1)","(69, 142, 0,1)","(47, 127, 183,1)"],"l":[[1,1]]},{"g":[1,3],"c":["(255, 167, 53,1)","(47, 127, 183,1)","(231, 48, 110,1)","(69, 142, 0,1)"],"l":[]}],[{"g":[2,0],"c":["(255, 167, 53,1)","(231, 48, 110,1)","(69, 142, 0,1)","(47, 127, 183,1)"],"l":[]},{"g":[2,1],"c":["(47, 127, 183,1)","(255, 167, 53,1)","(231, 48, 110,1)","(69, 142, 0,1)"],"l":[[0,3],[4,2],[5,0]],"s":2},{"g":[2,2],"c":["(69, 142, 0,1)","(231, 48, 110,1)","(47, 127, 183,1)","(255, 167, 53,1)"],"l":[]},{"g":[2,3],"c":["(69, 142, 0,1)","(47, 127, 183,1)","(255, 167, 53,1)","(231, 48, 110,1)"],"l":[[3,3],[1,3]]}],[{"g":[3,0],"c":["(255, 167, 53,1)","(47, 127, 183,1)","(69, 142, 0,1)","(231, 48, 110,1)"],"l":[]},{"g":[3,1],"c":["(69, 142, 0,1)","(255, 167, 53,1)","(231, 48, 110,1)","(47, 127, 183,1)"],"l":[]},{"g":[3,2],"c":["(255, 167, 53,1)","(69, 142, 0,1)","(47, 127, 183,1)","(231, 48, 110,1)"],"l":[]},{"g":[3,3],"c":["(255, 167, 53,1)","(69, 142, 0,1)","(47, 127, 183,1)","(231, 48, 110,1)"],"l":[]}],[{"g":[4,0],"c":["(231, 48, 110,1)","(255, 167, 53,1)","(69, 142, 0,1)","(47, 127, 183,1)"],"l":[[4,3]],"s":1,"sp":"freezer"},{"g":[4,1],"c":["(255, 167, 53,1)","(231, 48, 110,1)","(47, 127, 183,1)","(69, 142, 0,1)"],"l":[[4,0],[3,1]]},{"g":[4,2],"c":["(255, 167, 53,1)","(69, 142, 0,1)","(47, 127, 183,1)","(231, 48, 110,1)"],"l":[[0,3],[2,1],[5,0],[3,2]],"s":2},{"g":[4,3],"c":["(231, 48, 110,1)","(47, 127, 183,1)","(255, 167, 53,1)","(69, 142, 0,1)"],"l":[[4,0]],"s":1}],[{"g":[5,0],"c":["(69, 142, 0,1)","(255, 167, 53,1)","(47, 127, 183,1)","(231, 48, 110,1)"],"l":[[0,3],[2,1],[4,2]],"s":2},{"g":[5,1],"c":["(47, 127, 183,1)","(255, 167, 53,1)","(69, 142, 0,1)","(231, 48, 110,1)"],"l":[[5,2]],"f":true},{"g":[5,2],"c":["(47, 127, 183,1)","(231, 48, 110,1)","(255, 167, 53,1)","(69, 142, 0,1)"],"l":[]},{"g":[5,3],"c":["(255, 167, 53,1)","(69, 142, 0,1)","(47, 127, 183,1)","(231, 48, 110,1)"],"l":[]}]],"start":{"row":5,"col":1},"finish":{"row":0,"col":3},"visitedNodes":[[5,1]],"solution":[[5,1],[4,1],[4,2],[5,2],[5,3],[4,3],[4,2],[3,2],[2,2],[1,2],[1,1],[0,1],[0,0],[1,0],[1,1],[2,1],[3,1],[3,2],[3,3],[2,3],[1,3],[0,3]],"pathLength":133},{"grid":[[{"g":[0,0],"c":["(231, 48, 110,1)","(69, 142, 0,1)","(47, 127, 183,1)","(255, 167, 53,1)"],"l":[]},{"g":[0,1],"c":["(47, 127, 183,1)","(231, 48, 110,1)","(69, 142, 0,1)","(255, 167, 53,1)"],"l":[]},{"g":[0,2],"c":["(231, 48, 110,1)","(47, 127, 183,1)","(255, 167, 53,1)","(69, 142, 0,1)"],"l":[[0,1]]},{"g":[0,3],"c":["(47, 127, 183,1)","(231, 48, 110,1)","(69, 142, 0,1)","(255, 167, 53,1)"],"l":[[1,0],[1,1],[3,0],[4,0],[4,3]],"s":4}],[{"g":[1,0],"c":["(69, 142, 0,1)","(255, 167, 53,1)","(231, 48, 110,1)","(47, 127, 183,1)"],"l":[[0,3],[1,1],[3,0],[4,0],[4,3]],"s":4},{"g":[1,1],"c":["(255, 167, 53,1)","(231, 48, 110,1)","(47, 127, 183,1)","(69, 142, 0,1)"],"l":[[0,3],[1,0],[3,0],[4,0],[4,3]],"s":4},{"g":[1,2],"c":["(69, 142, 0,1)","(47, 127, 183,1)","(231, 48, 110,1)","(255, 167, 53,1)"],"l":[]},{"g":[1,3],"c":["(231, 48, 110,1)","(47, 127, 183,1)","(69, 142, 0,1)","(255, 167, 53,1)"],"l":[[2,3],[3,2],[4,1],[5,1]],"s":1}],[{"g":[2,0],"c":["(255, 167, 53,1)","(231, 48, 110,1)","(47, 127, 183,1)","(69, 142, 0,1)"],"l":[]},{"g":[2,1],"c":["(255, 167, 53,1)","(47, 127, 183,1)","(231, 48, 110,1)","(69, 142, 0,1)"],"l":[[5,2]],"s":2},{"g":[2,2],"c":["(231, 48, 110,1)","(69, 142, 0,1)","(47, 127, 183,1)","(255, 167, 53,1)"],"l":[[2,3],[2,1],[1,2]]},{"g":[2,3],"c":["(255, 167, 53,1)","(69, 142, 0,1)","(47, 127, 183,1)","(231, 48, 110,1)"],"l":[[1,3],[3,2],[4,1],[5,1]],"s":1}],[{"g":[3,0],"c":["(231, 48, 110,1)","(69, 142, 0,1)","(255, 167, 53,1)","(47, 127, 183,1)"],"l":[[0,3],[1,0],[1,1],[4,0],[4,3],[3,1]],"s":4},{"g":[3,1],"c":["(47, 127, 183,1)","(255, 167, 53,1)","(69, 142, 0,1)","(231, 48, 110,1)"],"l":[]},{"g":[3,2],"c":["(47, 127, 183,1)","(69, 142, 0,1)","(231, 48, 110,1)","(255, 167, 53,1)"],"l":[[1,3],[2,3],[4,1],[5,1]],"s":1},{"g":[3,3],"c":["(231, 48, 110,1)","(47, 127, 183,1)","(255, 167, 53,1)","(69, 142, 0,1)"],"l":[[4,3],[2,3]]}],[{"g":[4,0],"c":["(231, 48, 110,1)","(47, 127, 183,1)","(69, 142, 0,1)","(255, 167, 53,1)"],"l":[[0,3],[1,0],[1,1],[3,0],[4,3],[5,0]],"s":4},{"g":[4,1],"c":["(231, 48, 110,1)","(47, 127, 183,1)","(255, 167, 53,1)","(69, 142, 0,1)"],"l":[[1,3],[2,3],[3,2],[5,1]],"s":1},{"g":[4,2],"c":["(231, 48, 110,1)","(47, 127, 183,1)","(255, 167, 53,1)","(69, 142, 0,1)"],"l":[[5,2]]},{"g":[4,3],"c":["(255, 167, 53,1)","(69, 142, 0,1)","(231, 48, 110,1)","(47, 127, 183,1)"],"l":[[0,3],[1,0],[1,1],[3,0],[4,0]],"s":4}],[{"g":[5,0],"c":["(69, 142, 0,1)","(47, 127, 183,1)","(255, 167, 53,1)","(231, 48, 110,1)"],"l":[]},{"g":[5,1],"c":["(255, 167, 53,1)","(47, 127, 183,1)","(69, 142, 0,1)","(231, 48, 110,1)"],"l":[[1,3],[2,3],[3,2],[4,1],[5,0]],"s":1},{"g":[5,2],"c":["(69, 142, 0,1)","(47, 127, 183,1)","(231, 48, 110,1)","(255, 167, 53,1)"],"l":[[2,1],[5,3],[5,1]],"s":2},{"g":[5,3],"c":["(231, 48, 110,1)","(47, 127, 183,1)","(255, 167, 53,1)","(69, 142, 0,1)"],"l":[[4,3]],"f":true}]],"start":{"row":5,"col":3},"finish":{"row":0,"col":1},"visitedNodes":[[5,3]],"solution":[[5,3],[4,3],[3,3],[3,2],[3,1],[3,0],[4,0],[5,0],[5,1],[4,1],[4,2],[3,2],[2,2],[2,3],[1,3],[0,3],[0,2],[1,2],[1,1],[1,0],[0,0],[0,1]],"pathLength":136},{"grid":[[{"g":[0,0],"c":["(69, 142, 0,1)","(255, 167, 53,1)","(231, 48, 110,1)","(47, 127, 183,1)"],"l":[[0,1]]},{"g":[0,1],"c":["(231, 48, 110,1)","(69, 142, 0,1)","(47, 127, 183,1)","(255, 167, 53,1)"],"l":[]},{"g":[0,2],"c":["(255, 167, 53,1)","(69, 142, 0,1)","(47, 127, 183,1)","(231, 48, 110,1)"],"l":[]},{"g":[0,3],"c":["(231, 48, 110,1)","(47, 127, 183,1)","(69, 142, 0,1)","(255, 167, 53,1)"],"l":[[3,3]],"s":2}],[{"g":[1,0],"c":["(231, 48, 110,1)","(47, 127, 183,1)","(255, 167, 53,1)","(69, 142, 0,1)"],"l":[]},{"g":[1,1],"c":["(231, 48, 110,1)","(47, 127, 183,1)","(69, 142, 0,1)","(255, 167, 53,1)"],"l":[[4,0]],"s":3},{"g":[1,2],"c":["(255, 167, 53,1)","(69, 142, 0,1)","(231, 48, 110,1)","(47, 127, 183,1)"],"l":[[2,2],[4,1],[4,3],[5,2]],"s":4},{"g":[1,3],"c":["(69, 142, 0,1)","(255, 167, 53,1)","(231, 48, 110,1)","(47, 127, 183,1)"],"l":[[2,3],[1,2]]}],[{"g":[2,0],"c":["(47, 127, 183,1)","(69, 142, 0,1)","(231, 48, 110,1)","(255, 167, 53,1)"],"l":[]},{"g":[2,1],"c":["(231, 48, 110,1)","(255, 167, 53,1)","(47, 127, 183,1)","(69, 142, 0,1)"],"l":[[1,1],[2,0]]},{"g":[2,2],"c":["(231, 48, 110,1)","(47, 127, 183,1)","(255, 167, 53,1)","(69, 142, 0,1)"],"l":[[1,2],[4,1],[4,3],[5,2]],"s":4},{"g":[2,3],"c":["(69, 142, 0,1)","(255, 167, 53,1)","(47, 127, 183,1)","(231, 48, 110,1)"],"l":[[3,3]]}],[{"g":[3,0],"c":["(231, 48, 110,1)","(255, 167, 53,1)","(47, 127, 183,1)","(69, 142, 0,1)"],"l":[]},{"g":[3,1],"c":["(47, 127, 183,1)","(69, 142, 0,1)","(255, 167, 53,1)","(231, 48, 110,1)"],"l":[]},{"g":[3,2],"c":["(47, 127, 183,1)","(255, 167, 53,1)","(231, 48, 110,1)","(69, 142, 0,1)"],"l":[[2,2],[3,1]]},{"g":[3,3],"c":["(69, 142, 0,1)","(231, 48, 110,1)","(255, 167, 53,1)","(47, 127, 183,1)"],"l":[[0,3]],"s":2}],[{"g":[4,0],"c":["(255, 167, 53,1)","(231, 48, 110,1)","(47, 127, 183,1)","(69, 142, 0,1)"],"l":[[1,1],[5,0],[4,1],[3,0]],"s":3},{"g":[4,1],"c":["(255, 167, 53,1)","(69, 142, 0,1)","(231, 48, 110,1)","(47, 127, 183,1)"],"l":[[1,2],[2,2],[4,3],[5,2]],"s":4},{"g":[4,2],"c":["(231, 48, 110,1)","(47, 127, 183,1)","(255, 167, 53,1)","(69, 142, 0,1)"],"l":[]},{"g":[4,3],"c":["(255, 167, 53,1)","(69, 142, 0,1)","(47, 127, 183,1)","(231, 48, 110,1)"],"l":[[1,2],[2,2],[4,1],[5,2],[5,3]],"s":4}],[{"g":[5,0],"c":["(47, 127, 183,1)","(69, 142, 0,1)","(231, 48, 110,1)","(255, 167, 53,1)"],"l":[]},{"g":[5,1],"c":["(231, 48, 110,1)","(47, 127, 183,1)","(255, 167, 53,1)","(69, 142, 0,1)"],"l":[],"f":true},{"g":[5,2],"c":["(47, 127, 183,1)","(69, 142, 0,1)","(255, 167, 53,1)","(231, 48, 110,1)"],"l":[[1,2],[2,2],[4,1],[4,3],[5,1],[5,3]],"s":4},{"g":[5,3],"c":["(47, 127, 183,1)","(255, 167, 53,1)","(231, 48, 110,1)","(69, 142, 0,1)"],"l":[]}]],"start":{"row":5,"col":1},"finish":{"row":0,"col":3},"visitedNodes":[[5,1]],"solution":[[5,1],[5,0],[4,0],[3,0],[3,1],[3,2],[2,2],[2,3],[3,3],[3,2],[4,2],[4,3],[5,3],[5,2],[4,2],[4,1],[3,1],[2,1],[2,2],[1,2],[0,2],[0,3]],"pathLength":101},{"grid":[[{"g":[0,0],"c":["(47, 127, 183,1)","(231, 48, 110,1)","(255, 167, 53,1)","(69, 142, 0,1)"],"l":[]},{"g":[0,1],"c":["(231, 48, 110,1)","(255, 167, 53,1)","(47, 127, 183,1)","(69, 142, 0,1)"],"l":[[0,3],[2,3],[5,0],[5,1]],"s":3},{"g":[0,2],"c":["(69, 142, 0,1)","(231, 48, 110,1)","(255, 167, 53,1)","(47, 127, 183,1)"],"l":[[1,0],[3,1],[3,2],[4,0],[0,1],[1,2]],"s":1},{"g":[0,3],"c":["(255, 167, 53,1)","(231, 48, 110,1)","(69, 142, 0,1)","(47, 127, 183,1)"],"l":[[0,1],[2,3],[5,0],[5,1]],"s":3}],[{"g":[1,0],"c":["(69, 142, 0,1)","(231, 48, 110,1)","(47, 127, 183,1)","(255, 167, 53,1)"],"l":[[0,2],[3,1],[3,2],[4,0]],"s":1},{"g":[1,1],"c":["(231, 48, 110,1)","(47, 127, 183,1)","(255, 167, 53,1)","(69, 142, 0,1)"],"l":[]},{"g":[1,2],"c":["(69, 142, 0,1)","(47, 127, 183,1)","(231, 48, 110,1)","(255, 167, 53,1)"],"l":[[1,3],[1,1]]},{"g":[1,3],"c":["(255, 167, 53,1)","(69, 142, 0,1)","(231, 48, 110,1)","(47, 127, 183,1)"],"l":[]}],[{"g":[2,0],"c":["(231, 48, 110,1)","(255, 167, 53,1)","(69, 142, 0,1)","(47, 127, 183,1)"],"l":[[4,1]],"s":4},{"g":[2,1],"c":["(255, 167, 53,1)","(47, 127, 183,1)","(231, 48, 110,1)","(69, 142, 0,1)"],"l":[[1,1],[2,0]]},{"g":[2,2],"c":["(255, 167, 53,1)","(47, 127, 183,1)","(69, 142, 0,1)","(231, 48, 110,1)"],"l":[],"sp":"rotateCC"},{"g":[2,3],"c":["(231, 48, 110,1)","(47, 127, 183,1)","(69, 142, 0,1)","(255, 167, 53,1)"],"l":[[0,1],[0,3],[5,0],[5,1],[3,3],[2,2]],"s":3}],[{"g":[3,0],"c":["(255, 167, 53,1)","(47, 127, 183,1)","(69, 142, 0,1)","(231, 48, 110,1)"],"l":[[4,0]]},{"g":[3,1],"c":["(69, 142, 0,1)","(47, 127, 183,1)","(231, 48, 110,1)","(255, 167, 53,1)"],"l":[[0,2],[1,0],[3,2],[4,0],[4,1]],"s":1},{"g":[3,2],"c":["(47, 127, 183,1)","(69, 142, 0,1)","(255, 167, 53,1)","(231, 48, 110,1)"],"l":[[0,2],[1,0],[3,1],[4,0]],"s":1},{"g":[3,3],"c":["(69, 142, 0,1)","(255, 167, 53,1)","(47, 127, 183,1)","(231, 48, 110,1)"],"l":[]}],[{"g":[4,0],"c":["(231, 48, 110,1)","(69, 142, 0,1)","(255, 167, 53,1)","(47, 127, 183,1)"],"l":[[0,2],[1,0],[3,1],[3,2]],"s":1},{"g":[4,1],"c":["(69, 142, 0,1)","(231, 48, 110,1)","(47, 127, 183,1)","(255, 167, 53,1)"],"l":[[2,0],[4,2],[4,0]],"s":4,"sp":"freezer"},{"g":[4,2],"c":["(255, 167, 53,1)","(69, 142, 0,1)","(47, 127, 183,1)","(231, 48, 110,1)"],"l":[[5,2]]},{"g":[4,3],"c":["(47, 127, 183,1)","(255, 167, 53,1)","(231, 48, 110,1)","(69, 142, 0,1)"],"l":[[5,3]]}],[{"g":[5,0],"c":["(231, 48, 110,1)","(69, 142, 0,1)","(255, 167, 53,1)","(47, 127, 183,1)"],"l":[[0,1],[0,3],[2,3],[5,1]],"s":3},{"g":[5,1],"c":["(47, 127, 183,1)","(255, 167, 53,1)","(69, 142, 0,1)","(231, 48, 110,1)"],"l":[[0,1],[0,3],[2,3],[5,0]],"s":3},{"g":[5,2],"c":["(47, 127, 183,1)","(69, 142, 0,1)","(231, 48, 110,1)","(255, 167, 53,1)"],"l":[]},{"g":[5,3],"c":["(231, 48, 110,1)","(47, 127, 183,1)","(255, 167, 53,1)","(69, 142, 0,1)"],"l":[],"f":true}]],"start":{"row":5,"col":3},"finish":{"row":0,"col":3},"visitedNodes":[[5,3]],"solution":[[5,3],[5,2],[4,2],[4,3],[3,3],[2,3],[1,3],[1,2],[2,2],[3,2],[4,2],[4,1],[4,0],[5,0],[5,1],[4,1],[3,1],[2,1],[1,1],[1,0],[0,0],[0,1],[0,2],[0,3]],"pathLength":115},{"grid":[[{"g":[0,0],"c":["(69, 142, 0,1)","(231, 48, 110,1)","(47, 127, 183,1)","(255, 167, 53,1)"],"l":[[0,1],[1,0]]},{"g":[0,1],"c":["(47, 127, 183,1)","(69, 142, 0,1)","(231, 48, 110,1)","(255, 167, 53,1)"],"l":[[1,2],[2,2]],"s":2},{"g":[0,2],"c":["(231, 48, 110,1)","(47, 127, 183,1)","(255, 167, 53,1)","(69, 142, 0,1)"],"l":[]},{"g":[0,3],"c":["(231, 48, 110,1)","(69, 142, 0,1)","(255, 167, 53,1)","(47, 127, 183,1)"],"l":[]}],[{"g":[1,0],"c":["(47, 127, 183,1)","(69, 142, 0,1)","(255, 167, 53,1)","(231, 48, 110,1)"],"l":[[1,1],[2,0]],"s":3},{"g":[1,1],"c":["(47, 127, 183,1)","(231, 48, 110,1)","(255, 167, 53,1)","(69, 142, 0,1)"],"l":[[1,0]],"s":3},{"g":[1,2],"c":["(231, 48, 110,1)","(69, 142, 0,1)","(255, 167, 53,1)","(47, 127, 183,1)"],"l":[[0,1],[2,2],[1,1]],"s":2},{"g":[1,3],"c":["(69, 142, 0,1)","(255, 167, 53,1)","(231, 48, 110,1)","(47, 127, 183,1)"],"l":[[4,3]],"s":4}],[{"g":[2,0],"c":["(47, 127, 183,1)","(69, 142, 0,1)","(231, 48, 110,1)","(255, 167, 53,1)"],"l":[]},{"g":[2,1],"c":["(231, 48, 110,1)","(47, 127, 183,1)","(255, 167, 53,1)","(69, 142, 0,1)"],"l":[[1,1],[2,0]]},{"g":[2,2],"c":["(255, 167, 53,1)","(69, 142, 0,1)","(47, 127, 183,1)","(231, 48, 110,1)"],"l":[[0,1],[1,2],[2,3]],"s":2},{"g":[2,3],"c":["(231, 48, 110,1)","(255, 167, 53,1)","(47, 127, 183,1)","(69, 142, 0,1)"],"l":[[3,3]]}],[{"g":[3,0],"c":["(47, 127, 183,1)","(231, 48, 110,1)","(255, 167, 53,1)","(69, 142, 0,1)"],"l":[[2,0]]},{"g":[3,1],"c":["(69, 142, 0,1)","(47, 127, 183,1)","(255, 167, 53,1)","(231, 48, 110,1)"],"l":[[3,0]]},{"g":[3,2],"c":["(255, 167, 53,1)","(69, 142, 0,1)","(231, 48, 110,1)","(47, 127, 183,1)"],"l":[[4,2]]},{"g":[3,3],"c":["(231, 48, 110,1)","(255, 167, 53,1)","(47, 127, 183,1)","(69, 142, 0,1)"],"l":[[4,3]]}],[{"g":[4,0],"c":["(47, 127, 183,1)","(255, 167, 53,1)","(69, 142, 0,1)","(231, 48, 110,1)"],"l":[[5,0],[5,2]],"s":1},{"g":[4,1],"c":["(255, 167, 53,1)","(69, 142, 0,1)","(231, 48, 110,1)","(47, 127, 183,1)"],"l":[]},{"g":[4,2],"c":["(231, 48, 110,1)","(255, 167, 53,1)","(47, 127, 183,1)","(69, 142, 0,1)"],"l":[]},{"g":[4,3],"c":["(231, 48, 110,1)","(69, 142, 0,1)","(47, 127, 183,1)","(255, 167, 53,1)"],"l":[[1,3]],"s":4}],[{"g":[5,0],"c":["(255, 167, 53,1)","(69, 142, 0,1)","(47, 127, 183,1)","(231, 48, 110,1)"],"l":[[4,0],[5,2]],"s":1},{"g":[5,1],"c":["(231, 48, 110,1)","(69, 142, 0,1)","(255, 167, 53,1)","(47, 127, 183,1)"],"l":[]},{"g":[5,2],"c":["(47, 127, 183,1)","(255, 167, 53,1)","(231, 48, 110,1)","(69, 142, 0,1)"],"l":[[4,0],[5,0]],"s":1},{"g":[5,3],"c":["(47, 127, 183,1)","(255, 167, 53,1)","(69, 142, 0,1)","(231, 48, 110,1)"],"l":[],"f":true}]],"start":{"row":5,"col":3},"finish":{"row":0,"col":3},"visitedNodes":[[5,3]],"solution":[[5,3],[4,3],[4,2],[3,2],[3,1],[4,1],[5,1],[5,2],[4,2],[4,1],[4,0],[3,0],[2,0],[1,0],[0,0],[0,1],[1,1],[2,1],[2,2],[1,2],[0,2],[0,3]],"pathLength":115},{"grid":[[{"g":[0,0],"c":["(231, 48, 110,1)","(69, 142, 0,1)","(47, 127, 183,1)","(255, 167, 53,1)"],"l":[[1,0]]},{"g":[0,1],"c":["(47, 127, 183,1)","(231, 48, 110,1)","(69, 142, 0,1)","(255, 167, 53,1)"],"l":[[3,3],[4,2],[0,2],[0,0]],"s":4},{"g":[0,2],"c":["(231, 48, 110,1)","(255, 167, 53,1)","(47, 127, 183,1)","(69, 142, 0,1)"],"l":[[2,1],[2,2],[3,0],[5,0]],"s":3,"sp":"freezer"},{"g":[0,3],"c":["(69, 142, 0,1)","(231, 48, 110,1)","(47, 127, 183,1)","(255, 167, 53,1)"],"l":[[1,3],[0,2]]}],[{"g":[1,0],"c":["(69, 142, 0,1)","(255, 167, 53,1)","(231, 48, 110,1)","(47, 127, 183,1)"],"l":[]},{"g":[1,1],"c":["(69, 142, 0,1)","(47, 127, 183,1)","(255, 167, 53,1)","(231, 48, 110,1)"],"l":[[1,0]]},{"g":[1,2],"c":["(231, 48, 110,1)","(69, 142, 0,1)","(255, 167, 53,1)","(47, 127, 183,1)"],"l":[]},{"g":[1,3],"c":["(255, 167, 53,1)","(47, 127, 183,1)","(231, 48, 110,1)","(69, 142, 0,1)"],"l":[[2,3],[1,2]]}],[{"g":[2,0],"c":["(47, 127, 183,1)","(255, 167, 53,1)","(69, 142, 0,1)","(231, 48, 110,1)"],"l":[[2,1],[3,0]]},{"g":[2,1],"c":["(231, 48, 110,1)","(69, 142, 0,1)","(47, 127, 183,1)","(255, 167, 53,1)"],"l":[[0,2],[2,2],[3,0],[5,0]],"s":3},{"g":[2,2],"c":["(255, 167, 53,1)","(69, 142, 0,1)","(231, 48, 110,1)","(47, 127, 183,1)"],"l":[[0,2],[2,1],[3,0],[5,0],[1,2],[2,3]],"s":3},{"g":[2,3],"c":["(47, 127, 183,1)","(231, 48, 110,1)","(69, 142, 0,1)","(255, 167, 53,1)"],"l":[[3,2]],"s":1}],[{"g":[3,0],"c":["(47, 127, 183,1)","(231, 48, 110,1)","(69, 142, 0,1)","(255, 167, 53,1)"],"l":[[0,2],[2,1],[2,2],[5,0],[4,0]],"s":3},{"g":[3,1],"c":["(47, 127, 183,1)","(69, 142, 0,1)","(231, 48, 110,1)","(255, 167, 53,1)"],"l":[]},{"g":[3,2],"c":["(47, 127, 183,1)","(255, 167, 53,1)","(231, 48, 110,1)","(69, 142, 0,1)"],"l":[[2,3]],"s":1},{"g":[3,3],"c":["(69, 142, 0,1)","(47, 127, 183,1)","(231, 48, 110,1)","(255, 167, 53,1)"],"l":[[0,1],[4,2]],"s":4}],[{"g":[4,0],"c":["(69, 142, 0,1)","(255, 167, 53,1)","(47, 127, 183,1)","(231, 48, 110,1)"],"l":[[4,1],[5,0]]},{"g":[4,1],"c":["(231, 48, 110,1)","(47, 127, 183,1)","(255, 167, 53,1)","(69, 142, 0,1)"],"l":[]},{"g":[4,2],"c":["(69, 142, 0,1)","(255, 167, 53,1)","(47, 127, 183,1)","(231, 48, 110,1)"],"l":[[0,1],[3,3]],"s":4,"sp":"freezer"},{"g":[4,3],"c":["(231, 48, 110,1)","(255, 167, 53,1)","(47, 127, 183,1)","(69, 142, 0,1)"],"l":[]}],[{"g":[5,0],"c":["(231, 48, 110,1)","(255, 167, 53,1)","(47, 127, 183,1)","(69, 142, 0,1)"],"l":[[0,2],[2,1],[2,2],[3,0]],"s":3},{"g":[5,1],"c":["(255, 167, 53,1)","(69, 142, 0,1)","(231, 48, 110,1)","(47, 127, 183,1)"],"l":[[4,1],[5,2]]},{"g":[5,2],"c":["(255, 167, 53,1)","(47, 127, 183,1)","(231, 48, 110,1)","(69, 142, 0,1)"],"l":[[5,3],[4,2]]},{"g":[5,3],"c":["(255, 167, 53,1)","(69, 142, 0,1)","(231, 48, 110,1)","(47, 127, 183,1)"],"l":[],"f":true}]],"start":{"row":5,"col":3},"finish":{"row":0,"col":3},"visitedNodes":[[5,3]],"solution":[[5,3],[5,2],[4,2],[3,2],[3,1],[2,1],[2,0],[3,0],[3,1],[4,1],[4,0],[5,0],[5,1],[4,1],[4,2],[4,3],[3,3],[3,2],[2,2],[1,2],[0,2],[0,3]],"pathLength":126}]